
  _____           __                                          
 |  __ \         / _|                                         
 | |__) |__ _ __| |_ ___  _ __ _ __ ___   __ _ _ __   ___ ___ 
 |  ___/ _ \ '__|  _/ _ \| '__| '_ ` _ \ / _` | '_ \ / __/ _ \
 | |  |  __/ |  | || (_) | |  | | | | | | (_| | | | | (_|  __/
 |_|   \___|_|  |_| \___/|_|  |_| |_| |_|\__,_|_| |_|\___\___|

=========================Base MNB - Emotions=============================

Confusion Matrix

[[ 929   18    0   12   30    3    1    3    0    2   10    1    0    7
     0   44    0   13   42    0  949   10    0    4    0    0    1   10]
 [  43  360    4   16   18    0    1    1    2    1    7    0    0    4
     0    6    0   14    8    0  704    3    0    2    0    0    0    4]
 [  15    5  113   76    6    4    2    5    0    6   25   12    0    1
     0    6    0    1    1    0  714    2    0    2    0    1    1    1]
 [  25   25   51  119   35    5    6    7    0   10   27   11    0    1
     0   18    0    1    2    0 1326    3    0    2    0    1    8    6]
 [ 124   15    6   29  220    4    7    4    3    4   31    3    0    2
     1   15    0    4   14    0 1715   12    0   12    0    1    4    1]
 [  18    1    0    5   25   40    1    4    0    4    8    0    0    1
     0   18    0    4    6    0  557   17    0    2    0    2    3    0]
 [   9    4    2   10   15    0   51   23    0    1   13    0    0    0
     0    7    0    1    0    0  782    1    0    9    0    0    0    6]
 [  22    7    3    6   13    2   19  122    1    1    7    0    0    1
     0    7    0    1    3    0  950    1    0    6    0    0    2    7]
 [  10    4    2    4    5    3    2    0   14    1    2    0    0    1
     0    4    0    0    6    0  376   15    0    0    0    0    0    1]
 [  16    6    6   20   17    0    7    2    2   32   17    4    0    1
     1    3    0    1    1    0  793    7    0    4    0    1    9    0]
 [  21   17   13   39   37    3    4    4    0    7  130    4    2    0
     1    8    0    0    3    0 1281    2    0    4    0    1    2    2]
 [  18    3   24   32   18    1    2    1    1    4   12   55    2    0
     0    1    0    0    2    0  436    4    0    1    0    1    3    1]
 [   6    4    3   14    3    0    2    2    0    3    5    0    1    1
     0    1    0    1    4    0  225    1    0    2    0    2    2    1]
 [  52    5    5    2   15    1    1    4    0    0    2    1    0   26
     2    6    0   41    8    0  411    6    0    1    0    0    0   11]
 [  11    4    1    5    9    2    1    2    0    2    2    3    1    1
    13    2    0    0    0    0  295    2    0    2    0    0    3    3]
 [  90    6    0    4   11    5    0    2    1    3    3    0    0    2
     0  947    0   15    2    0  300   10    0    2    0    2    3    1]
 [   1    2    0    1    1    1    1    1    0    1    1    0    0    0
     0    0    0    0    0    0   59    0    0    0    0    0    6    0]
 [  75   46    0    2   20    5    0    2    2    0    1    0    0    8
     1   36    0   99   29    0  553    9    0    2    0    0    0    2]
 [  90    8    1    1   16    1    0    0    0    0    2    0    0    2
     0    9    0    9  321    0  487    1    0    1    0    1    0    2]
 [   2    0    0    6    5    0    1    0    0    1    5    0    0    0
     0    1    0    0    0    0  122    1    0    1    0    0    1    1]
 [ 279  112  100  155  273   43   46   79   15   42  171   24    4   22
     5   80    2   42   70    0 9331   42    3   39    0    2   34   30]
 [  35    2    2    4   24   10    2    0    2    0    6    1    0    1
     0   12    0    3    3    0  658  111    0    1    0    0    0    0]
 [  26    0    1    3    4    0    0    1    0    1    0    0    0    1
     0    5    0    2    0    0   95    2    0    2    0    0    0    0]
 [  15    8    4   19   26    0    3    4    1    2   13    0    0    1
     0    5    0    7    2    0  813    7    0   27    0    0    0    3]
 [  11    1    0    2    7    2    0    1    0    0    0    0    0    1
     0    8    0    1    0    0  108    1    0    1    0    0    0    0]
 [   1    1    2    4    5    2    2    0    0    2    3    1    0    0
     0    8    0    0    1    0  236    0    0    2    0   14   19    0]
 [   4    5    4   10   11    6    2    3    1   10   10    1    0    1
     0    8    0    3    4    0  635    4    0    2    0    6   71    4]
 [  45    9   10   12   13    3    1   14    0    2    9    2    0    5
     1    4    0    3    3    0  531    0    0    5    0    0    1   48]]

Classification Report

                precision    recall  f1-score   support

    admiration       0.47      0.44      0.46      2089
     amusement       0.53      0.30      0.38      1198
         anger       0.32      0.11      0.17       999
     annoyance       0.19      0.07      0.10      1689
      approval       0.25      0.10      0.14      2231
        caring       0.27      0.06      0.09       716
     confusion       0.31      0.05      0.09       934
     curiosity       0.42      0.10      0.17      1181
        desire       0.31      0.03      0.06       450
disappointment       0.23      0.03      0.06       950
   disapproval       0.25      0.08      0.12      1585
       disgust       0.45      0.09      0.15       622
 embarrassment       0.10      0.00      0.01       283
    excitement       0.29      0.04      0.08       600
          fear       0.52      0.04      0.07       364
     gratitude       0.75      0.67      0.71      1409
         grief       0.00      0.00      0.00        75
           joy       0.37      0.11      0.17       892
          love       0.60      0.34      0.43       952
   nervousness       0.00      0.00      0.00       147
       neutral       0.37      0.84      0.51     11045
      optimism       0.41      0.13      0.19       877
         pride       0.00      0.00      0.00       143
   realization       0.20      0.03      0.05       960
        relief       0.00      0.00      0.00       144
       remorse       0.40      0.05      0.08       303
       sadness       0.41      0.09      0.15       805
      surprise       0.33      0.07      0.11       721

      accuracy                           0.38     34364
     macro avg       0.31      0.14      0.16     34364
  weighted avg       0.36      0.38      0.31     34364

=========================Base MNB - Sentiments=============================

Confusion Matrix

[[   0    0    0    0    0    0    0    0    0    0    0    0    0    0
     0    0    0    0    0    0    0    0    0    0    0    0    0    0
     0]
 [  91    0   28   19   47   67    5   74  163    2    6   42    2    0
     7    1   23    0   12    8    0 3076    9    0    0   47    0    3
    64]
 [   0    0    0    0    0    0    0    0    0    0    0    0    0    0
     0    0    0    0    0    0    0    0    0    0    0    0    0    0
     0]
 [   0    0    0    0    0    0    0    0    0    0    0    0    0    0
     0    0    0    0    0    0    0    0    0    0    0    0    0    0
     0]
 [   0    0    0    0    0    0    0    0    0    0    0    0    0    0
     0    0    0    0    0    0    0    0    0    0    0    0    0    0
     0]
 [   0    0    0    0    0    0    0    0    0    0    0    0    0    0
     0    0    0    0    0    0    0    0    0    0    0    0    0    0
     0]
 [   0    0    0    0    0    0    0    0    0    0    0    0    0    0
     0    0    0    0    0    0    0    0    0    0    0    0    0    0
     0]
 [   0    0    0    0    0    0    0    0    0    0    0    0    0    0
     0    0    0    0    0    0    0    0    0    0    0    0    0    0
     0]
 [   0    0    0    0    0    0    0    0    0    0    0    0    0    0
     0    0    0    0    0    0    0    0    0    0    0    0    0    0
     0]
 [   0    0    0    0    0    0    0    0    0    0    0    0    0    0
     0    0    0    0    0    0    0    0    0    0    0    0    0    0
     0]
 [   0    0    0    0    0    0    0    0    0    0    0    0    0    0
     0    0    0    0    0    0    0    0    0    0    0    0    0    0
     0]
 [   0    0    0    0    0    0    0    0    0    0    0    0    0    0
     0    0    0    0    0    0    0    0    0    0    0    0    0    0
     0]
 [   0    0    0    0    0    0    0    0    0    0    0    0    0    0
     0    0    0    0    0    0    0    0    0    0    0    0    0    0
     0]
 [   0    0    0    0    0    0    0    0    0    0    0    0    0    0
     0    0    0    0    0    0    0    0    0    0    0    0    0    0
     0]
 [   0    0    0    0    0    0    0    0    0    0    0    0    0    0
     0    0    0    0    0    0    0    0    0    0    0    0    0    0
     0]
 [   0    0    0    0    0    0    0    0    0    0    0    0    0    0
     0    0    0    0    0    0    0    0    0    0    0    0    0    0
     0]
 [   0    0    0    0    0    0    0    0    0    0    0    0    0    0
     0    0    0    0    0    0    0    0    0    0    0    0    0    0
     0]
 [   0    0    0    0    0    0    0    0    0    0    0    0    0    0
     0    0    0    0    0    0    0    0    0    0    0    0    0    0
     0]
 [   0    0    0    0    0    0    0    0    0    0    0    0    0    0
     0    0    0    0    0    0    0    0    0    0    0    0    0    0
     0]
 [   0    0    0    0    0    0    0    0    0    0    0    0    0    0
     0    0    0    0    0    0    0    0    0    0    0    0    0    0
     0]
 [ 120    0   72  217  326  147   24   30   27    4   78  237   91    6
     6   15   56    0    7   18    0 6122   26    0    0   22   27  125
    19]
 [ 279    0  112  100  155  273   43   46   79   15   42  171   24    4
    22    5   80    2   42   70    0 9331   42    0    3   39    2   34
    30]
 [   0    0    0    0    0    0    0    0    0    0    0    0    0    0
     0    0    0    0    0    0    0    0    0    0    0    0    0    0
     0]
 [1503    0  466   21   84  395   74   15   22   24   16   72    6    0
    56    4 1110    0  205  439    0 6913  197    0    0   30    6   11
    32]
 [   0    0    0    0    0    0    0    0    0    0    0    0    0    0
     0    0    0    0    0    0    0    0    0    0    0    0    0    0
     0]
 [   0    0    0    0    0    0    0    0    0    0    0    0    0    0
     0    0    0    0    0    0    0    0    0    0    0    0    0    0
     0]
 [   0    0    0    0    0    0    0    0    0    0    0    0    0    0
     0    0    0    0    0    0    0    0    0    0    0    0    0    0
     0]
 [   0    0    0    0    0    0    0    0    0    0    0    0    0    0
     0    0    0    0    0    0    0    0    0    0    0    0    0    0
     0]
 [   0    0    0    0    0    0    0    0    0    0    0    0    0    0
     0    0    0    0    0    0    0    0    0    0    0    0    0    0
     0]]

Classification Report

              precision    recall  f1-score   support

   ambiguous       0.42      0.25      0.31      3796
    negative       0.54      0.53      0.53      7822
     neutral       0.49      0.49      0.49     11045
    positive       0.62      0.71      0.66     11701

    accuracy                           0.55     34364
   macro avg       0.52      0.49      0.50     34364
weighted avg       0.54      0.55      0.54     34364

==========================Base DT - Emotions============================

Confusion Matrix

[[1175   46   12   54  116   16   11   18   16   14   24    6    3   48
     3   63    2   54   74    1  256   37    8   15    2    0    1   14]
 [  67  685   18   43   52    4   14   10    3    6   16    9    1   18
     3    5    0   50    8    1  148    8    1   11    0    5    3    9]
 [  32   24  351  142   35   13   27   18    3   31   42   33    7    5
     2    1    1    3    4    1  191    4    0    8    2    4    9    6]
 [  47   79  205  396   97   30   45   44   14   77   93   47   16   15
     3   13    1    9    7    4  391    6    0   21    1    4   14   10]
 [ 207   43   54  132  602   66   44   37   35   45   83   14   14   27
     9   21    1   40   34    8  620   37    5   28    5    2    7   11]
 [  45   16   18   45   81  190    9   12   10   13   20    2    2    4
     4   15    2    7   13    8  156   25    0    5    2    4    8    0]
 [  17   24   27   50   57    9  278  132    2   17   32    6    1    4
     1    4    2    2    4    3  240    1    0    8    0    1    4    8]
 [  36   19   31   62   59   13  175  396    6   11   14    0    4   19
     1    9    0    7    3    3  269    4    1    9    0    0    2   28]
 [  19   11    7   20   37   18    9   11  131   12   10    1    2    5
     3    3    2    6   10    0   98   28    0    3    1    1    2    0]
 [  25   32   57  111   64   22   25   17   16  165   67   18    9    4
     7    1    2    7    8    5  203   14    0   11    2   12   37    9]
 [  29   47  110  196  122   24   58   24   13   67  367   22   13    2
     8    5    1    7    5    1  404   12    0   17    1    7   13   10]
 [  15   16   76   93   31    3   15    6    3   30   45  146   11    3
    12    1    0    1    2    0  100    4    0    3    0    1    4    1]
 [   7   14   20   40   18    2    5    7    0   19   14   10   40    2
     2    1    2    2    4    2   56    2    0    1    0    8    2    3]
 [  85   33   14   18   35    7   10   25    9    8   15    1    1  130
     2    7    0   50   11    1  105    7    1    5    0    1    4   15]
 [  10    9   20   27   16    8    6    2    2   17   12   18    7    0
   122    0    1    1    1    7   61    3    1    3    1    0    5    4]
 [ 129   13    7   20   25   19    1    3    4    8    5    0    1    7
     0 1045    2   24    6    0   51   14    0    1    7   13    3    1]
 [   4    4    5    6    3    3    2    1    2    6    2    0    2    0
     3    1    5    0    0    0   17    0    0    2    0    4    3    0]
 [ 111  108    4   20   63   21    4   10   18   10   11    2    3   51
     5   36    1  213   50    0  126    6    2    6    6    0    1    4]
 [ 142   25    8   14   49   19    9    7   20    5   10    3    0   17
     2   11    0   45  467    0   82    7    0    4    0    1    3    2]
 [   3    4    8   17   11    7    5    3    2   11    5    4    2    1
     8    1    0    1    0   14   34    0    0    0    0    1    2    3]
 [ 531  312  441  654 1103  243  398  380  147  299  533  121   54  143
    70   74   11  170  128   35 4794   99    9  108   16   22   72   78]
 [  59   14   17   42   90   39   19   17   38   15   33    5    5   18
     5   21    0   15    9    1  214  186    2    5    2    1    4    1]
 [  34    1    3    4   17    3    5    1    0    4    2    1    0    2
     0    4    1    6    2    1   38    6    6    1    1    0    0    0]
 [  38   32   29   64  113   13   35   18   12   37   62    8    3    7
     4    7    1   10    7    3  345    8    1   73    1    7    4   18]
 [  12    2    1    5   31    7    1    1    2    1    2    1    1    2
     2    9    0   15    0    0   30    1    0    1   14    0    1    2]
 [   2    4    5   13    7   15    8    2    2   20   18    4   14    0
     1   15    2    0    3    2   45    1    0    6    1   81   31    1]
 [  15   12   30   57   50   37   10   11    8   91   36   15    7    3
     8    7    7    6    7   11  179    2    1   10    0   34  148    3]
 [  65   32   25   42   41    2   41   28    1   16   22   10    6   31
     5    5    4   13    3    3  162    5    0   20    0    1    3  135]]

Classification Report

                precision    recall  f1-score   support

    admiration       0.40      0.56      0.47      2089
     amusement       0.41      0.57      0.48      1198
         anger       0.22      0.35      0.27       999
     annoyance       0.17      0.23      0.19      1689
      approval       0.20      0.27      0.23      2231
        caring       0.22      0.27      0.24       716
     confusion       0.22      0.30      0.25       934
     curiosity       0.32      0.34      0.33      1181
        desire       0.25      0.29      0.27       450
disappointment       0.16      0.17      0.16       950
   disapproval       0.23      0.23      0.23      1585
       disgust       0.29      0.23      0.26       622
 embarrassment       0.17      0.14      0.16       283
    excitement       0.23      0.22      0.22       600
          fear       0.41      0.34      0.37       364
     gratitude       0.75      0.74      0.75      1409
         grief       0.10      0.07      0.08        75
           joy       0.28      0.24      0.26       892
          love       0.54      0.49      0.51       952
   nervousness       0.12      0.10      0.11       147
       neutral       0.51      0.43      0.47     11045
      optimism       0.35      0.21      0.26       877
         pride       0.16      0.04      0.07       143
   realization       0.19      0.08      0.11       960
        relief       0.22      0.10      0.13       144
       remorse       0.38      0.27      0.31       303
       sadness       0.38      0.18      0.25       805
      surprise       0.36      0.19      0.25       721

      accuracy                           0.36     34364
     macro avg       0.29      0.27      0.27     34364
  weighted avg       0.37      0.36      0.36     34364

=========================Base DT - Sentiments============================

Confusion Matrix

[[   0    0    0    0    0    0    0    0    0    0    0    0    0    0
     0    0    0    0    0    0    0    0    0    0    0    0    0    0
     0    0    0]
 [ 156    0  107  112  218  270   37  529  574   21   81  130   24   14
    61   11   25    7   32   17    0   12 1016   18    0    2  110    1
     9   13  189]
 [   0    0    0    0    0    0    0    0    0    0    0    0    0    0
     0    0    0    0    0    0    0    0    0    0    0    0    0    0
     0    0    0]
 [   0    0    0    0    0    0    0    0    0    0    0    0    0    0
     0    0    0    0    0    0    0    0    0    0    0    0    0    0
     0    0    0]
 [   0    0    0    0    0    0    0    0    0    0    0    0    0    0
     0    0    0    0    0    0    0    0    0    0    0    0    0    0
     0    0    0]
 [   0    0    0    0    0    0    0    0    0    0    0    0    0    0
     0    0    0    0    0    0    0    0    0    0    0    0    0    0
     0    0    0]
 [   0    0    0    0    0    0    0    0    0    0    0    0    0    0
     0    0    0    0    0    0    0    0    0    0    0    0    0    0
     0    0    0]
 [   0    0    0    0    0    0    0    0    0    0    0    0    0    0
     0    0    0    0    0    0    0    0    0    0    0    0    0    0
     0    0    0]
 [   0    0    0    0    0    0    0    0    0    0    0    0    0    0
     0    0    0    0    0    0    0    0    0    0    0    0    0    0
     0    0    0]
 [   0    0    0    0    0    0    0    0    0    0    0    0    0    0
     0    0    0    0    0    0    0    0    0    0    0    0    0    0
     0    0    0]
 [   0    0    0    0    0    0    0    0    0    0    0    0    0    0
     0    0    0    0    0    0    0    0    0    0    0    0    0    0
     0    0    0]
 [   0    0    0    0    0    0    0    0    0    0    0    0    0    0
     0    0    0    0    0    0    0    0    0    0    0    0    0    0
     0    0    0]
 [   0    0    0    0    0    0    0    0    0    0    0    0    0    0
     0    0    0    0    0    0    0    0    0    0    0    0    0    0
     0    0    0]
 [   0    0    0    0    0    0    0    0    0    0    0    0    0    0
     0    0    0    0    0    0    0    0    0    0    0    0    0    0
     0    0    0]
 [   0    0    0    0    0    0    0    0    0    0    0    0    0    0
     0    0    0    0    0    0    0    0    0    0    0    0    0    0
     0    0    0]
 [   0    0    0    0    0    0    0    0    0    0    0    0    0    0
     0    0    0    0    0    0    0    0    0    0    0    0    0    0
     0    0    0]
 [   0    0    0    0    0    0    0    0    0    0    0    0    0    0
     0    0    0    0    0    0    0    0    0    0    0    0    0    0
     0    0    0]
 [   0    0    0    0    0    0    0    0    0    0    0    0    0    0
     0    0    0    0    0    0    0    0    0    0    0    0    0    0
     0    0    0]
 [   0    0    0    0    0    0    0    0    0    0    0    0    0    0
     0    0    0    0    0    0    0    0    0    0    0    0    0    0
     0    0    0]
 [   0    0    0    0    0    0    0    0    0    0    0    0    0    0
     0    0    0    0    0    0    0    0    0    0    0    0    0    0
     0    0    0]
 [ 189    0  245  887 1098  454  164  206  135   65  534  701  317  128
    35  176   46   22   37   41    0   47 1681   48    0    2   82    8
   156  268   50]
 [   0    0    0    0    0    0    0    0    0    0    0    0    0    0
     0    0    0    0    0    0    0    0    0    0    0    0    0    0
     0    0    0]
 [ 531    0  312  441  654 1103  243  398  380  147  299  533  121   54
   143   70   74   11  170  128    0   35 4794   99    0    9  108   16
    22   72   78]
 [   0    0    0    0    0    0    0    0    0    0    0    0    0    0
     0    0    0    0    0    0    0    0    0    0    0    0    0    0
     0    0    0]
 [2085    0  997  163  417 1198  409  136  152  286  141  231   45   33
   329   38 1240   11  525  684    0   21 1924  362    0   25   85   40
    28   37   59]
 [   0    0    0    0    0    0    0    0    0    0    0    0    0    0
     0    0    0    0    0    0    0    0    0    0    0    0    0    0
     0    0    0]
 [   0    0    0    0    0    0    0    0    0    0    0    0    0    0
     0    0    0    0    0    0    0    0    0    0    0    0    0    0
     0    0    0]
 [   0    0    0    0    0    0    0    0    0    0    0    0    0    0
     0    0    0    0    0    0    0    0    0    0    0    0    0    0
     0    0    0]
 [   0    0    0    0    0    0    0    0    0    0    0    0    0    0
     0    0    0    0    0    0    0    0    0    0    0    0    0    0
     0    0    0]
 [   0    0    0    0    0    0    0    0    0    0    0    0    0    0
     0    0    0    0    0    0    0    0    0    0    0    0    0    0
     0    0    0]
 [   0    0    0    0    0    0    0    0    0    0    0    0    0    0
     0    0    0    0    0    0    0    0    0    0    0    0    0    0
     0    0    0]]

Classification Report

              precision    recall  f1-score   support

   ambiguous       0.35      0.47      0.40      3796
    negative       0.51      0.59      0.55      7822
     neutral       0.51      0.47      0.49     11045
    positive       0.70      0.60      0.65     11701

    accuracy                           0.54     34364
   macro avg       0.52      0.53      0.52     34364
weighted avg       0.56      0.54      0.55     34364
                                                              
===================Base MLP - Emotions - (40 iter)=======================

Confusion Matrix

[[ 968   35   10   40   81   12    9   18    8    8   23    6    3   68
     6   85    3   63   99    1  421   35   11   21    6    1   13   35]
 [  32  567   12   36   27    7   12   12    4    9   19    8    2   24
     4    5    1   71   20    0  270    7    1   19    0    6   10   13]
 [  18   11  292  116   16   20   15   17    1   29   43   44    8    8
     5    2    2    3    5    3  300    9    0    7    3    1   14    7]
 [  27   43  136  285   42   26   34   37   15   66   87   58   15   15
    17   14    1    9    8   11  621   20    1   36    2   10   38   15]
 [ 133   32   21   66  370   56   39   34   28   28   75   14    7   31
     8   20    3   46   64   10  946   68   11   51   11   10   30   19]
 [  20   14   11   18   30  178    6    9    7   10   21    3    1    6
     6   13    1   10   16    9  248   42    0    8    8    5   15    1]
 [   7   19   15   22   20    9  199  130    3    9   29   14    1    5
     7    5    2    6    5    5  382    6    2   15    0    2    3   12]
 [  18   14   12   25   20   10  108  374    5   13   18    4    5   18
     1    7    2    7    8    5  441   11    1   10    0    3    4   37]
 [  13    7    4    6   16   17    7    7  114   15    9    1    1    7
     2    3    2    7   12    0  152   35    1    5    1    1    5    0]
 [  15   12   33   56   27   15   18   15    7  139   63   17    7    3
     9    6    3   13   12    6  335   18    0   28    5   11   61   16]
 [  20   33   62  101   72   21   36   21    6   54  331   28   18    1
    15    7    2    6    9    4  626   21    1   35    2    9   34   10]
 [  12    7   51   68   15    2    8    6    2   25   35  144   15    1
    25    2    2    2    2    2  159    3    0    6    1    2   19    6]
 [   5    9   10   22    4    6    1    9    0   12   14   12   45    3
     3    0    1    3    7    2   80    3    0    7    0   12   10    3]
 [  51   18   11    9   22    4    2   18    9    7   10    1    0  115
     1    7    0   53   20    2  173   14    5   11    0    1    6   30]
 [   4    6   10   11    9    3    3    4    1   13   12   15    5    1
   137    1    3    0    2   13   86    2    2    7    0    0   11    3]
 [  85    9    4   11   17   19    1    0    3    9    3    0    0    9
     2 1050    2   38   13    0   78   20    1    1    9   13   10    2]
 [   1    0    3    3    1    3    3    2    0    3    3    1    1    0
     3    2    5    1    0    1   24    0    1    2    0    1   11    0]
 [  63   86    5   13   29   14    4    8   12   10    5    1    4   37
     4   25    0  256   64    2  205   11    4    7   11    1    5    6]
 [  61   16    6   10   22   12    6    8    8    4    8    2    0   13
     2   12    0   35  576    0  126   10    0    8    0    1    3    3]
 [   2    1    3    9    8    7    5    1    2    9    5    4    2    1
     5    0    0    1    1   19   49    2    0    0    0    1    6    4]
 [ 275  202  255  356  493  191  235  319   84  206  412  104   43  113
    86   80   16  163  168   35 6449  204   29  176   37   28  160  126]
 [  30    9    9   12   43   36   15   11   23   10   25    5    2   20
     7   13    1   15   14    5  298  237    2   12    3    4   12    4]
 [  29    1    2    4   13    2    3    1    0    2    1    0    0    4
     1    2    1    8    4    1   44    4   11    2    1    0    1    1]
 [  14   16   16   31   50   15   20   18    8   26   53   13    4    7
     7    4    1   15   13    5  447   14    3  114    2    7   16   21]
 [   9    2    0    4   14    5    1    3    1    1    1    0    0    3
     2    7    0   15    1    1   44    2    1    1   19    0    5    2]
 [   0    1    0    7    8   11    3    3    2   12   12    5    7    0
     1   15    3    1    4    0   55    3    0   11    1   83   55    0]
 [   3    3   17   25   14   31    8    9    3   62   25   11    7    2
     8    6    8    6   10   12  234    4    1   14    0   33  244    5]
 [  42   15   13   30   21    4   27   24    1   14   18   10    3   33
     7    7    1   13    3    4  208    4    0   19    1    0    5  194]]

Classification Report

              precision    recall  f1-score   support

           0       0.49      0.46      0.48      2089
           1       0.48      0.47      0.48      1198
           2       0.29      0.29      0.29       999
           3       0.20      0.17      0.18      1689
           4       0.25      0.17      0.20      2231
           5       0.24      0.25      0.25       716
           6       0.24      0.21      0.23       934
           7       0.33      0.32      0.33      1181
           8       0.32      0.25      0.28       450
           9       0.17      0.15      0.16       950
          10       0.24      0.21      0.22      1585
          11       0.27      0.23      0.25       622
          12       0.22      0.16      0.18       283
          13       0.21      0.19      0.20       600
          14       0.36      0.38      0.37       364
          15       0.75      0.75      0.75      1409
          16       0.08      0.07      0.07        75
          17       0.30      0.29      0.29       892
          18       0.50      0.61      0.55       952
          19       0.12      0.13      0.12       147
          20       0.48      0.58      0.53     11045
          21       0.29      0.27      0.28       877
          22       0.12      0.08      0.09       143
          23       0.18      0.12      0.14       960
          24       0.15      0.13      0.14       144
          25       0.34      0.27      0.30       303
          26       0.30      0.30      0.30       805
          27       0.34      0.27      0.30       721

    accuracy                           0.39     34364
   macro avg       0.30      0.28      0.28     34364
weighted avg       0.38      0.39      0.38     34364

===================Base MLP - Sentiments (200 iter)=======================

Confusion matrix

[[1395  540 1184  677]
 [ 514 4217 1963 1128]
 [ 957 1974 5557 2557]
 [ 489 1045 2186 7981]]

Classification Report

              precision    recall  f1-score   support

           0       0.42      0.37      0.39      3796
           1       0.54      0.54      0.54      7822
           2       0.51      0.50      0.51     11045
           3       0.65      0.68      0.66     11701

    accuracy                           0.56     34364
   macro avg       0.53      0.52      0.53     34364
weighted avg       0.55      0.56      0.56     34364

============================Top MLP - Emotions ===========================

Hyper Parameters

{
    'solver': ["adam", "sgd"],
    'hidden_layer_sizes' : [(10,5),(15,10)],
    'activation' : ["sigmoid", "relu", "tanh", "identity"]
}

Confusion Matrix

[[1118   29    5    4    0    1    0    2    1    0    4    1    0    1
     3   37    0   32   74    0  740   19    0    0    0    2    1   15]
 [  44  672   13   11    2    0    1    0    2    1   10    2    0    2
     0    4    0   25   19    0  370    7    0    0    0    4    0    9]
 [  21    7  247   50    0    3    2    6    0    2    8   14    0    0
     2    3    0    3    5    0  610    6    0    0    0    4    2    4]
 [  40   54  128   93    0    0    4   13    1    8   25   10    0    0
     5   16    0    4    7    0 1246    6    0    0    0    6   12   11]
 [ 157   30   16   13    0    5    2    9    2    1   20    1    0    4
     4   18    0   18   35    0 1829   35    0    0    0    9   20    3]
 [  30    6    9    6    0   13    1    5    2    4    5    0    0    0
     7   25    0   13   13    0  523   35    0    0    0   11    7    1]
 [   8   21    6    5    0    0   28   32    0    4   14    1    0    0
     4    7    0    1    3    0  783    1    0    0    0    3    7    6]
 [  19   16    7    9    0    1    3  135    2    1    4    1    0    1
     5    9    0    4   12    0  936    5    0    0    0    3    2    6]
 [  13    8    2    3    0    2    1    2   62    0    0    0    0    0
     0    7    0    4   16    0  286   40    0    0    0    1    2    1]
 [  26   14   26   17    1    3    4    4    4   18   18    7    0    1
     6    2    0    2    6    0  730    7    0    0    0   10   33   11]
 [  16   34   44   32    0    0    4    7    1    5   57    6    1    0
     2    4    0    2    7    0 1325    7    0    0    0   11   15    5]
 [  16   12   96   27    0    0    2    3    0    4    8   62    0    0
     4    1    0    0    2    0  373    3    0    0    0    1    7    1]
 [   4    9   33   12    0    0    4    3    0    7    5    2    3    0
     1    3    0    0    4    0  176    4    0    0    0    8    5    0]
 [  70   17    1    2    2    0    0    8    1    0    1    0    0   36
     0   11    0   56   20    0  343    4    0    0    0    1    4   23]
 [   4    6   20    2    0    0    9    7    0    3    4    4    0    0
    87    0    0    0    2    0  206    5    0    0    0    0    5    0]
 [ 104    6    2    2    0    3    0    0    0    0    4    0    0    0
     1 1080    0   38    7    0  116   14    0    0    0   25    4    3]
 [   3    3    5    1    0    0    0    0    0    1    1    0    0    0
     1    1    0    1    1    0   47    1    0    0    0    4    5    0]
 [  83  104    8    2    0    1    0    4    2    0    1    0    0    0
     1   25    0  218   56    0  367    9    0    0    0    1    1    9]
 [  57   13    1    1    0    0    0    5    1    0    0    0    0    0
     0    8    0   17  591    0  254    2    0    0    0    1    0    1]
 [   2    1    6    3    0    1    0    1    0    1    1    0    0    0
     3    1    0    0    1    0  117    0    0    0    0    2    5    2]
 [ 252  219  170   77    0    7   13   80   19   10   93   18    0    2
    19   75    0   62  129    0 9576   74    0    2    0   36   57   55]
 [  55    6    4    1    1    9    0    4   10    0    1    0    0    2
     0   23    0    8   10    0  513  214    0    0    0    1    9    6]
 [  36    1    2    0    0    0    0    0    0    0    0    0    0    0
     0    4    0    7    1    0   86    3    0    0    0    1    2    0]
 [  17   24   21   13    0    1    2    2    2    2   19    1    0    0
     1    2    0    5    6    0  803    7    0    3    0    7    5   17]
 [  10    1    3    2    0    2    0    1    0    0    0    0    0    0
     0   13    0   10    1    0   93    2    0    0    0    0    4    2]
 [   1    2    4    2    0    1    2    1    1    0    3    0    0    0
     0    6    0    0    1    0  102    0    0    0    0  149   27    1]
 [   7    9   12    3    1    1    2    1    2    7   11    2    0    0
     1    5    0    4    1    0  492   10    0    0    0   73  157    4]
 [  39   25   21    6    1    1    1   14    1    1   11    0    0    2
     3    5    0   15    4    0  439    5    0    0    0    1    0  126]]

Classification Report

              precision    recall  f1-score   support

           0       0.50      0.54      0.52      2089
           1       0.50      0.56      0.53      1198
           2       0.27      0.25      0.26       999
           3       0.23      0.06      0.09      1689
           4       0.00      0.00      0.00      2231
           5       0.24      0.02      0.03       716
           6       0.33      0.03      0.05       934
           7       0.39      0.11      0.18      1181
           8       0.53      0.14      0.22       450
           9       0.23      0.02      0.03       950
          10       0.17      0.04      0.06      1585
          11       0.47      0.10      0.16       622
          12       0.75      0.01      0.02       283
          13       0.71      0.06      0.11       600
          14       0.54      0.24      0.33       364
          15       0.77      0.77      0.77      1409
          16       0.00      0.00      0.00        75
          17       0.40      0.24      0.30       892
          18       0.57      0.62      0.60       952
          19       0.00      0.00      0.00       147
          20       0.41      0.87      0.55     11045
          21       0.41      0.24      0.31       877
          22       0.00      0.00      0.00       143
          23       0.60      0.00      0.01       960
          24       0.00      0.00      0.00       144
          25       0.40      0.49      0.44       303
          26       0.39      0.20      0.26       805
          27       0.39      0.17      0.24       721

    accuracy                           0.43     34364
   macro avg       0.36      0.21      0.22     34364
weighted avg       0.39      0.43      0.34     34364

============================Top MLP - Sentiments ===========================

Hyper Parameters

{
    'solver': ["adam", "sgd"],
    'hidden_layer_sizes' : [(10,5),(15,10)],
    'activation' : ["sigmoid", "relu", "tanh", "identity"]
}

Confusion Matrix

[[ 822  564 1660  750]
 [ 186 4350 2210 1076]
 [ 432 1934 5969 2710]
 [ 193  963 2092 8453]]

Classification Report

              precision    recall  f1-score   support

           0       0.50      0.22      0.30      3796
           1       0.56      0.56      0.56      7822
           2       0.50      0.54      0.52     11045
           3       0.65      0.72      0.68     11701

    accuracy                           0.57     34364
   macro avg       0.55      0.51      0.52     34364
weighted avg       0.56      0.57      0.56     34364

============================Top MNB - Emotions =============================

Hyper Parameters

{"alpha": [0.5, 0, 2, 5]}

Confusion Matrix

[[1068   26    2   23   45    6    3   10    3    3   13    2    0   16
     2   53    0   32   51    0  678   23    1    8    0    0    3   18]
 [  44  528   11   25   27    1    3    6    2    3   14    2    0   12
     0    7    0   27   10    0  451    8    0   10    0    0    1    6]
 [  17   11  195   97   11    7    5   11    0   12   39   22    0    2
     0    6    0    2    4    0  540    5    0    4    0    1    3    5]
 [  38   43   97  186   60   11   13   17    2   26   70   26    0    8
     2   22    0    4    7    0 1003    8    0   13    0    1   17   15]
 [ 151   27   14   47  298   24   18   20    9   13   59    7    1    9
     5   33    0   16   23    1 1365   38    0   31    1    3   12    6]
 [  22    4    5   17   25  108    3    7    2    6   11    0    0    1
     0   24    0    7    8    0  422   31    0    4    0    2    7    0]
 [  13   13    6   14   17    0  122   60    0    3   27    2    0    1
     0    9    0    1    2    0  624    1    0   10    0    0    1    8]
 [  30   16    7   18   24   11   43  220    4    3    5    0    1    6
     0    9    0    1    7    1  742    5    0   10    0    0    4   14]
 [  13    6    3    2    5    9    3    3   44    2    5    1    1    2
     0    7    0    2   11    0  295   29    0    3    0    0    1    3]
 [  25    8   16   40   26    6   12    8    3   76   29   11    0    4
     2    5    0    3    3    0  606   13    0   10    0    2   36    6]
 [  26   35   31   62   63   11   18    9    1   22  200   10    2    0
     3    7    0    0    6    0 1035   11    0   13    0    2   10    8]
 [  21    7   46   44   17    1    5    3    3    9   24  103    3    0
     2    2    0    1    3    0  304    6    0    5    0    1   10    2]
 [   4    6    6   22    4    1    3    3    0    8    8    1   15    1
     3    1    0    1    4    0  176    1    0    7    0    2    5    1]
 [  65   11    7    4   16    1    4   12    0    3    2    1    0   56
     2   12    0   55   14    1  304    8    0    3    0    0    1   18]
 [  13    3    7   14   14    3    2    3    0    6    1    9    1    1
    37    2    0    1    2    0  224    7    1    5    0    0    5    3]
 [  93   13    1    4   12    7    1    2    1    4    4    0    0    3
     0 1041    0   29    4    0  154   16    0    4    0   10    5    1]
 [   2    2    4    2    2    3    1    1    0    1    3    0    0    0
     2    1    0    0    1    0   40    1    0    0    0    1    8    0]
 [  93   70    1    4   29   11    0    6    8    1    4    0    1   14
     1   41    0  183   42    0  361    9    0    3    1    0    3    6]
 [  96   11    1    2   19    2    1    3    2    2    6    0    0    2
     0   13    0   17  455    0  311    2    0    4    0    1    0    2]
 [   3    1    1    8    9    2    2    0    0    5    5    2    0    1
     1    1    0    1    0    0   99    1    0    0    0    1    2    2]
 [ 377  173  151  258  405  103  141  179   35  106  297   53   10   52
    30  108    4   88  112    3 7960  112    3  105    2   10   88   80]
 [  43    8    5    7   36   23    8    3    7    0   14    1    1    3
     0   21    0    9    6    0  479  190    1    6    0    0    5    1]
 [  34    0    2    2    6    2    0    1    0    2    1    1    0    2
     0    5    0    3    0    0   75    2    1    2    0    0    1    1]
 [  26   14    9   29   43    7   12    7    2    8   30    1    0    3
     1    5    0   10    7    0  647   10    0   74    0    0    1   14]
 [  13    1    1    1   11    4    1    1    0    1    0    0    0    1
     0   13    0    7    0    0   83    2    0    1    2    0    1    0]
 [   3    1    3    6    4    8    3    1    1    7    8    2    0    0
     0   14    0    1    2    0  158    1    0    6    0   38   36    0]
 [   7    9    5   17   12   14    3    4    3   26   19    5    1    2
     1   18    0    5    5    0  468    7    0    4    0   21  142    7]
 [  53   11   13   20   20    4    9   20    0    7   11    3    0   10
     2    7    0    5    5    0  387    2    0   13    0    0    2  117]]

Classification Report

                precision    recall  f1-score   support

    admiration       0.45      0.51      0.48      2089
     amusement       0.50      0.44      0.47      1198
         anger       0.30      0.20      0.24       999
     annoyance       0.19      0.11      0.14      1689
      approval       0.24      0.13      0.17      2231
        caring       0.28      0.15      0.20       716
     confusion       0.28      0.13      0.18       934
     curiosity       0.35      0.19      0.24      1181
        desire       0.33      0.10      0.15       450
disappointment       0.21      0.08      0.12       950
   disapproval       0.22      0.13      0.16      1585
       disgust       0.39      0.17      0.23       622
 embarrassment       0.41      0.05      0.09       283
    excitement       0.26      0.09      0.14       600
          fear       0.39      0.10      0.16       364
     gratitude       0.70      0.74      0.72      1409
         grief       0.00      0.00      0.00        75
           joy       0.36      0.21      0.26       892
          love       0.57      0.48      0.52       952
   nervousness       0.00      0.00      0.00       147
       neutral       0.40      0.72      0.51     11045
      optimism       0.35      0.22      0.27       877
         pride       0.14      0.01      0.01       143
   realization       0.21      0.08      0.11       960
        relief       0.33      0.01      0.03       144
       remorse       0.40      0.13      0.19       303
       sadness       0.35      0.18      0.23       805
      surprise       0.34      0.16      0.22       721

      accuracy                           0.39     34364
     macro avg       0.32      0.20      0.22     34364
  weighted avg       0.36      0.39      0.35     34364

============================Top MNB - Sentiments ===========================

Hyper Parameters

{"alpha": [0.5, 0, 2, 5]}

Confusion Matrix

[[   0    0    0    0    0    0    0    0    0    0    0    0    0    0
     0    0    0    0    0    0    0    0    0    0    0    0    0    0
     0    0    0]
 [ 122    0   54   35   81  104   22  186  307    6   21   73    6    1
    20    3   30    0   17   21    0    1 2400   18    0    0  107    0
     0    8  153]
 [   0    0    0    0    0    0    0    0    0    0    0    0    0    0
     0    0    0    0    0    0    0    0    0    0    0    0    0    0
     0    0    0]
 [   0    0    0    0    0    0    0    0    0    0    0    0    0    0
     0    0    0    0    0    0    0    0    0    0    0    0    0    0
     0    0    0]
 [   0    0    0    0    0    0    0    0    0    0    0    0    0    0
     0    0    0    0    0    0    0    0    0    0    0    0    0    0
     0    0    0]
 [   0    0    0    0    0    0    0    0    0    0    0    0    0    0
     0    0    0    0    0    0    0    0    0    0    0    0    0    0
     0    0    0]
 [   0    0    0    0    0    0    0    0    0    0    0    0    0    0
     0    0    0    0    0    0    0    0    0    0    0    0    0    0
     0    0    0]
 [   0    0    0    0    0    0    0    0    0    0    0    0    0    0
     0    0    0    0    0    0    0    0    0    0    0    0    0    0
     0    0    0]
 [   0    0    0    0    0    0    0    0    0    0    0    0    0    0
     0    0    0    0    0    0    0    0    0    0    0    0    0    0
     0    0    0]
 [   0    0    0    0    0    0    0    0    0    0    0    0    0    0
     0    0    0    0    0    0    0    0    0    0    0    0    0    0
     0    0    0]
 [   0    0    0    0    0    0    0    0    0    0    0    0    0    0
     0    0    0    0    0    0    0    0    0    0    0    0    0    0
     0    0    0]
 [   0    0    0    0    0    0    0    0    0    0    0    0    0    0
     0    0    0    0    0    0    0    0    0    0    0    0    0    0
     0    0    0]
 [   0    0    0    0    0    0    0    0    0    0    0    0    0    0
     0    0    0    0    0    0    0    0    0    0    0    0    0    0
     0    0    0]
 [   0    0    0    0    0    0    0    0    0    0    0    0    0    0
     0    0    0    0    0    0    0    0    0    0    0    0    0    0
     0    0    0]
 [   0    0    0    0    0    0    0    0    0    0    0    0    0    0
     0    0    0    0    0    0    0    0    0    0    0    0    0    0
     0    0    0]
 [   0    0    0    0    0    0    0    0    0    0    0    0    0    0
     0    0    0    0    0    0    0    0    0    0    0    0    0    0
     0    0    0]
 [   0    0    0    0    0    0    0    0    0    0    0    0    0    0
     0    0    0    0    0    0    0    0    0    0    0    0    0    0
     0    0    0]
 [   0    0    0    0    0    0    0    0    0    0    0    0    0    0
     0    0    0    0    0    0    0    0    0    0    0    0    0    0
     0    0    0]
 [   0    0    0    0    0    0    0    0    0    0    0    0    0    0
     0    0    0    0    0    0    0    0    0    0    0    0    0    0
     0    0    0]
 [   0    0    0    0    0    0    0    0    0    0    0    0    0    0
     0    0    0    0    0    0    0    0    0    0    0    0    0    0
     0    0    0]
 [ 159    0  126  411  498  222   67   67   60   13  198  406  191   22
    19   53   79    0   19   37    0    0 4653   61    0    1   67    0
    70  274   49]
 [   0    0    0    0    0    0    0    0    0    0    0    0    0    0
     0    0    0    0    0    0    0    0    0    0    0    0    0    0
     0    0    0]
 [ 377    0  173  151  258  405  103  141  179   35  106  297   53   10
    52   30  108    4   88  112    0    3 7960  112    0    3  105    2
    10   88   80]
 [   0    0    0    0    0    0    0    0    0    0    0    0    0    0
     0    0    0    0    0    0    0    0    0    0    0    0    0    0
     0    0    0]
 [1735    0  705   53  138  529  198   45   74   78   40  133   15    4
   121   10 1270    0  387  624    0    2 4978  358    0    3   79    4
    16   40   62]
 [   0    0    0    0    0    0    0    0    0    0    0    0    0    0
     0    0    0    0    0    0    0    0    0    0    0    0    0    0
     0    0    0]
 [   0    0    0    0    0    0    0    0    0    0    0    0    0    0
     0    0    0    0    0    0    0    0    0    0    0    0    0    0
     0    0    0]
 [   0    0    0    0    0    0    0    0    0    0    0    0    0    0
     0    0    0    0    0    0    0    0    0    0    0    0    0    0
     0    0    0]
 [   0    0    0    0    0    0    0    0    0    0    0    0    0    0
     0    0    0    0    0    0    0    0    0    0    0    0    0    0
     0    0    0]
 [   0    0    0    0    0    0    0    0    0    0    0    0    0    0
     0    0    0    0    0    0    0    0    0    0    0    0    0    0
     0    0    0]
 [   0    0    0    0    0    0    0    0    0    0    0    0    0    0
     0    0    0    0    0    0    0    0    0    0    0    0    0    0
     0    0    0]]

Classification Report

                precision    recall  f1-score   support

    admiration       0.00      0.00      0.00         0
     ambiguous       0.00      0.00      0.00      3796
     amusement       0.00      0.00      0.00         0
         anger       0.00      0.00      0.00         0
     annoyance       0.00      0.00      0.00         0
      approval       0.00      0.00      0.00         0
        caring       0.00      0.00      0.00         0
     confusion       0.00      0.00      0.00         0
     curiosity       0.00      0.00      0.00         0
        desire       0.00      0.00      0.00         0
disappointment       0.00      0.00      0.00         0
   disapproval       0.00      0.00      0.00         0
       disgust       0.00      0.00      0.00         0
 embarrassment       0.00      0.00      0.00         0
    excitement       0.00      0.00      0.00         0
          fear       0.00      0.00      0.00         0
     gratitude       0.00      0.00      0.00         0
         grief       0.00      0.00      0.00         0
           joy       0.00      0.00      0.00         0
          love       0.00      0.00      0.00         0
      negative       0.00      0.00      0.00      7822
   nervousness       0.00      0.00      0.00         0
       neutral       0.40      0.72      0.51     11045
      optimism       0.00      0.00      0.00         0
      positive       0.00      0.00      0.00     11701
         pride       0.00      0.00      0.00         0
   realization       0.00      0.00      0.00         0
        relief       0.00      0.00      0.00         0
       remorse       0.00      0.00      0.00         0
       sadness       0.00      0.00      0.00         0
      surprise       0.00      0.00      0.00         0

      accuracy                           0.23     34364
     macro avg       0.01      0.02      0.02     34364
  weighted avg       0.13      0.23      0.16     34364

============================Top DT - Emotions ==============================

Hyper Parameters

{"criterion":["gini","entropy"],"max_depth":[5,10] , "min_samples_split":[2,5,10]}

Confusion Matrix

[[  680    12     0     1     0     0     0     0     0     0     0     0
      0     0     0    11     0     0    59     0  1303    20     0     0
      0     3     0     0]
 [   31   378     0     1     0     0     0     0     0     0     0     0
      0     0     0     4     0     0    16     0   757     5     0     0
      1     5     0     0]
 [   17     4     1     1     0     0     0     0     0     0     1     0
      0     0     0     3     0     0     6     0   955     4     0     0
      0     7     0     0]
 [   25    27     0     2     0     0     0     0     0     0     1     1
      0     0     0    10     0     0     9     0  1599     6     0     0
      1     8     0     0]
 [  113    15     0     0     0     0     0     1     0     0     0     1
      0     0     0     8     0     0    31     0  2029    25     0     0
      0     8     0     0]
 [   35     7     0     0     0     2     0     0     0     0     0     0
      0     0     0     3     0     0    18     0   605    35     0     0
      0    11     0     0]
 [    8    17     0     0     0     0     0     0     0     0     0     0
      0     0     0     4     0     0     6     0   895     2     0     0
      0     2     0     0]
 [   26    14     0     0     0     0     0     1     0     0     0     0
      0     0     0     7     0     0     8     0  1117     3     0     0
      0     5     0     0]
 [   14     5     0     0     0     0     0     1     0     0     0     0
      0     0     0     0     0     0    16     0   389    25     0     0
      0     0     0     0]
 [   31     9     0     0     0     1     0     0     0     0     0     0
      0     0     0     1     0     0     8     0   882     5     0     0
      0    13     0     0]
 [   24    22     0     1     0     0     0     0     0     0     0     0
      0     0     0     2     0     0    17     0  1501     6     0     0
      0    12     0     0]
 [    9     5     0     0     0     0     0     0     0     0     0     1
      0     0     0     0     0     0     3     0   598     4     0     0
      0     2     0     0]
 [    1     6     0     0     0     0     0     0     0     0     0     1
      0     0     0     0     0     0     4     0   263     3     0     0
      0     5     0     0]
 [   41     5     0     0     0     0     0     0     0     0     0     0
      0     0     0     2     0     0     9     0   538     4     0     0
      0     1     0     0]
 [    6     6     0     0     0     0     0     0     0     0     0     0
      0     0     0     0     0     0     2     0   346     3     0     0
      0     1     0     0]
 [   71     6     1     3     0     2     0     2     0     1     1     0
      0     0     0  1016     0     0     4     0   245    27     0     0
      1    29     0     0]
 [    2     1     0     0     0     0     0     0     0     0     0     0
      0     0     0     0     0     0     1     0    65     2     0     0
      0     4     0     0]
 [   75    26     0     0     0     0     0     0     0     0     0     0
      0     0     0     7     0     1    44     0   732     5     0     0
      0     2     0     0]
 [   14    10     0     2     1     0     1     2     0     0     0     0
      0     0     0     6     0     0   545     0   366     4     0     0
      0     1     0     0]
 [    1     1     0     0     0     0     0     0     0     0     0     0
      0     0     0     0     0     0     1     0   141     1     0     0
      0     2     0     0]
 [  238   112     0     0     1     2     1     0     0     0     0     0
      0     0     0    43     0     0   129     0 10404    71     0     0
      0    44     0     0]
 [   49     3     0     0     0     1     0     1     0     0     0     0
      0     0     0     4     0     1    10     0   589   216     0     0
      0     3     0     0]
 [    5     1     0     0     0     0     0     0     0     0     0     0
      0     0     0     0     0     0     1     0   133     3     0     0
      0     0     0     0]
 [   17    12     0     0     0     0     0     0     0     0     0     0
      0     0     0     1     0     0     6     0   915     4     0     0
      0     5     0     0]
 [    9     1     0     0     0     0     0     0     0     0     0     0
      0     0     0    11     0     0     1     0   119     2     0     0
      1     0     0     0]
 [    1     1     0     0     0     0     0     0     0     0     0     0
      0     0     0     0     0     0     1     0   129     0     0     0
      0   171     0     0]
 [   13     9     0     0     0     0     0     0     0     0     0     0
      0     0     0     2     0     0     7     0   688     7     0     0
      0    79     0     0]
 [   27     6     0     0     0     0     0     0     0     0     0     0
      0     0     0     3     0     0     4     0   679     1     0     0
      0     1     0     0]]

Classification Report

                precision    recall  f1-score   support

    admiration       0.43      0.33      0.37      2089
     amusement       0.52      0.32      0.39      1198
         anger       0.50      0.00      0.00       999
     annoyance       0.18      0.00      0.00      1689
      approval       0.00      0.00      0.00      2231
        caring       0.25      0.00      0.01       716
     confusion       0.00      0.00      0.00       934
     curiosity       0.12      0.00      0.00      1181
        desire       0.00      0.00      0.00       450
disappointment       0.00      0.00      0.00       950
   disapproval       0.00      0.00      0.00      1585
       disgust       0.25      0.00      0.00       622
 embarrassment       0.00      0.00      0.00       283
    excitement       0.00      0.00      0.00       600
          fear       0.00      0.00      0.00       364
     gratitude       0.89      0.72      0.79      1409
         grief       0.00      0.00      0.00        75
           joy       0.50      0.00      0.00       892
          love       0.56      0.57      0.57       952
   nervousness       0.00      0.00      0.00       147
       neutral       0.36      0.94      0.52     11045
      optimism       0.44      0.25      0.32       877
         pride       0.00      0.00      0.00       143
   realization       0.00      0.00      0.00       960
        relief       0.25      0.01      0.01       144
       remorse       0.40      0.56      0.47       303
       sadness       0.00      0.00      0.00       805
      surprise       0.00      0.00      0.00       721

      accuracy                           0.39     34364
     macro avg       0.20      0.13      0.12     34364
  weighted avg       0.28      0.39      0.26     34364

============================Top DT - Sentiments ============================

Hyper Parameters

{"criterion":["gini","entropy"],"max_depth":[5,10] , "min_samples_split":[2,5,10]}

Confusion Matrix

[[    0     0     0     0     0     0     0     0     0     0     0     0
      0     0     0     0     0     0     0     0     0]
 [   78     0    49     0     0     0     0     0     1     0     0     0
     15     0    24     0  3606    10     0     0    13]
 [    0     0     0     0     0     0     0     0     0     0     0     0
      0     0     0     0     0     0     0     0     0]
 [    0     0     0     0     0     0     0     0     0     0     0     0
      0     0     0     0     0     0     0     0     0]
 [    0     0     0     0     0     0     0     0     0     0     0     0
      0     0     0     0     0     0     0     0     0]
 [    0     0     0     0     0     0     0     0     0     0     0     0
      0     0     0     0     0     0     0     0     0]
 [    0     0     0     0     0     0     0     0     0     0     0     0
      0     0     0     0     0     0     0     0     0]
 [    0     0     0     0     0     0     0     0     0     0     0     0
      0     0     0     0     0     0     0     0     0]
 [    0     0     0     0     0     0     0     0     0     0     0     0
      0     0     0     0     0     0     0     0     0]
 [    0     0     0     0     0     0     0     0     0     0     0     0
      0     0     0     0     0     0     0     0     0]
 [    0     0     0     0     0     0     0     0     0     0     0     0
      0     0     0     0     0     0     0     0     0]
 [    0     0     0     0     0     0     0     0     0     0     0     0
      0     0     0     0     0     0     0     0     0]
 [    0     0     0     0     0     0     0     0     0     0     0     0
      0     0     0     0     0     0     0     0     0]
 [    0     0     0     0     0     0     0     0     0     0     0     0
      0     0     0     0     0     0     0     0     0]
 [    0     0     0     0     0     0     0     0     0     0     0     0
      0     0     0     0     0     0     0     0     0]
 [  130     0    91     1     4     0     1     0     0     0     2     3
     18     0    59     0  7167    41     0     1   304]
 [  238     0   112     0     0     1     2     1     0     0     0     0
     43     0   129     0 10404    71     0     0    44]
 [    0     0     0     0     0     0     0     0     0     0     0     0
      0     0     0     0     0     0     0     0     0]
 [ 1137     0   469     1     7     1     5     1     7     1     1     1
   1072     2   754     0  7805   371     0     3    63]
 [    0     0     0     0     0     0     0     0     0     0     0     0
      0     0     0     0     0     0     0     0     0]
 [    0     0     0     0     0     0     0     0     0     0     0     0
      0     0     0     0     0     0     0     0     0]]

Classification Report

              precision    recall  f1-score   support

   ambiguous       0.29      0.00      0.00      3796
    negative       0.66      0.04      0.08      7822
     neutral       0.36      0.94      0.52     11045
    positive       0.77      0.34      0.48     11701

    accuracy                           0.43     34364
   macro avg       0.52      0.33      0.27     34364
weighted avg       0.56      0.43      0.35     34364
