
  _____           __                                          
 |  __ \         / _|                                         
 | |__) |__ _ __| |_ ___  _ __ _ __ ___   __ _ _ __   ___ ___ 
 |  ___/ _ \ '__|  _/ _ \| '__| '_ ` _ \ / _` | '_ \ / __/ _ \
 | |  |  __/ |  | || (_) | |  | | | | | | (_| | | | | (_|  __/
 |_|   \___|_|  |_| \___/|_|  |_| |_| |_|\__,_|_| |_|\___\___|

==========================WORD EMBEDDING WORD2VEC===========================

Base MLP Emotions

[[1040   35    5    7   26    8    2    8    3    1   12    2    2   29
     2   57    0   39  103    0  667   16    3    0    1    0    2   19]
 [  38  532    9   19    5    1    3    2    1    2   12    2    4   10
     1    9    0   30   28    0  466    2    0    4    0    2    6    8]
 [  15   14  219   61    2    5    3    3    1    8   35   29    3    3
     4    7    0    1    8    2  560    1    0    0    0    2    4    8]
 [  31   38  100  109    6   13   11   14    1   18   50   37    9    1
     9   17    1    9   13    1 1160    5    0    0    0    7   15   13]
 [ 153   22   14   19  147   19    7   13   10    6   36   14    2    4
    11   28    1   29   55    1 1571   27    2    2    1    9   15   11]
 [  26    5    7    3    8  101    0    5    3    3    4    1    0    0
     5   17    3   11   16    1  457   24    0    0    0    5    9    2]
 [  10   17    8    8    3    0   64   54    0    5   15    3    2    2
     3    8    1    1    5    2  706    3    0    5    0    1    0    8]
 [  19   16   10    5    5    3   25  192    1    5    9    0    3    9
     2    8    0    5   12    0  816    5    0    0    0    3    4   23]
 [  15    9    1    0    7    8    1    1   75    2    4    0    2    1
     0    7    0    4   20    0  255   33    0    1    0    0    3    1]
 [  31   19   22   16    4    6    5    2    1   50   31   14    4    1
     6    8    1    4    8    2  652    8    0    1    0    7   38    9]
 [  31   32   36   38   15    1   11   10    0   15  124   20    8    0
     9    7    2    3   17    1 1175    5    0    2    0    6    9    8]
 [  21    9   42   31    2    0    0    0    1    8   11  108    7    1
    21    2    2    1    3    0  334    2    0    0    0    0   11    5]
 [   3    8    5    7    1    0    1    3    0    3    6    7   34    2
     1    4    1    0    3    3  173    1    0    1    0    8    4    4]
 [  71   20    6    5    9    1    1   12    4    0    1    2    0   65
     1   11    0   41   24    0  301    6    0    0    0    1    1   17]
 [  10    9    9    6    1    2    2    0    0    5    5   12    3    0
   106    0    1    1    2    0  178    2    0    2    0    1    3    4]
 [  93    8    1    2    6    8    0    0    1    1    3    1    0    4
     2 1069    1   29   11    0  130    8    1    0    3   20    5    2]
 [   1    1    3    0    0    2    0    0    0    1    1    0    0    0
     2    1    4    2    1    0   45    0    0    1    0    6    4    0]
 [  78   90    5    2   12    8    1    3    2    6    1    1    0   17
     2   37    0  183   70    0  346    6    1    0    9    2    4    5]
 [  58   12    3    1    8    2    2    3    4    2    2    2    0    5
     0   13    0   15  601    0  211    1    0    0    0    1    4    2]
 [   4    1    1    2    1    1    2    1    0    7    3    0    2    1
     8    0    0    0    0    6  101    0    0    2    0    1    1    2]
 [ 320  197  155  106  126   54   53  154   39   42  154   74   22   31
    55   96    4   84  161    5 8832   72    1   12    4   31   77   78]
 [  47   10    5    2   11   25    1    8   11    2    3    1    2    2
     2   30    0   12   16    0  502  172    1    0    1    1    4    6]
 [  24    0    0    2    3    0    0    0    0    0    0    0    0    1
     0    9    0    4    5    0   84    1    8    0    1    1    0    0]
 [  31   18    4   10    9    2    5    1    2    6   22    8    8    1
    10    5    1    4   15    1  763    5    0    9    0    3    5   12]
 [   7    0    1    2    2    5    0    1    1    1    1    0    0    1
     0   15    0    9    1    0   84    2    0    1    5    0    3    2]
 [   5    4    3    5    1    7    1    0    0    4    2    1    1    0
     0    7    1    2    1    0  119    1    0    1    0  119   16    2]
 [   8   15    6   12    4   11    1    1    2   30   11   10    3    2
    10    8    2    5   14    4  434    4    0    1    0   52  148    7]
 [  40   17   10   13    6    0    6   15    0    2    9    5    0    9
     6    5    0    8    5    0  425    1    0    3    1    2    3  130]]

              precision    recall  f1-score   support

           0       0.47      0.50      0.48      2089
           1       0.46      0.44      0.45      1196
           2       0.32      0.22      0.26       998
           3       0.22      0.06      0.10      1688
           4       0.34      0.07      0.11      2229
           5       0.34      0.14      0.20       716
           6       0.31      0.07      0.11       934
           7       0.38      0.16      0.23      1180
           8       0.46      0.17      0.24       450
           9       0.21      0.05      0.08       950
          10       0.22      0.08      0.12      1585
          11       0.31      0.17      0.22       622
          12       0.28      0.12      0.17       283
          13       0.32      0.11      0.16       600
          14       0.38      0.29      0.33       364
          15       0.72      0.76      0.74      1409
          16       0.15      0.05      0.08        75
          17       0.34      0.21      0.26       891
          18       0.49      0.63      0.55       952
          19       0.21      0.04      0.07       147
          20       0.41      0.80      0.54     11039
          21       0.42      0.20      0.27       877
          22       0.47      0.06      0.10       143
          23       0.19      0.01      0.02       960
          24       0.19      0.03      0.06       144
          25       0.41      0.39      0.40       303
          26       0.37      0.18      0.25       805
          27       0.34      0.18      0.23       721

    accuracy                           0.41     34350
   macro avg       0.35      0.22      0.24     34350
weighted avg       0.38      0.41      0.35     34350

Base MLP Sentiments

[[ 864  784 1468  679]
 [ 225 4589 1876 1130]
 [ 547 2530 5553 2409]
 [ 252 1420 2193 7831]]
 
              precision    recall  f1-score   support

           0       0.46      0.23      0.30      3795
           1       0.49      0.59      0.54      7820
           2       0.50      0.50      0.50     11039
           3       0.65      0.67      0.66     11696

    accuracy                           0.55     34350
   macro avg       0.53      0.50      0.50     34350
weighted avg       0.54      0.55      0.54     34350

Top MLP Emotions

[[  807    25     4     0     1     0     0     4     0     0     0     2
      0     0     0    50     0    22    59     0  1114     1     0     0
      0     0     0     0]
 [   47   156     9     1     0     0     0     2     0     0     3     2
      0     0     0     4     0    14    11     0   945     0     0     0
      0     0     2     0]
 [    5    18    71     3     0     0     0     1     0     0     4     3
      0     0     0     3     0     0    11     0   860     0     0     0
      0     0    19     0]
 [   11    23    40     2     0     1     0     7     0     0     4     7
      0     0     0    10     0     3     8     0  1555     1     0     0
      0     1    15     0]
 [  140    10     8     1     8     0     0     1     0     0     4     3
      0     0     0    27     0     9    29     0  1978     0     0     0
      0     1    10     0]
 [   33     1     1     0     0     9     0     3     0     0     0     0
      0     0     0    31     0     0    11     0   618     0     0     0
      0     2     7     0]
 [   11     2     7     1     1     0     1    24     0     0     5     0
      0     0     0     5     0     3     2     0   870     0     0     0
      0     0     2     0]
 [   14     1    13     2     1     2     1    62     0     0     1     0
      0     0     0     9     0     1     6     0  1065     0     0     0
      0     0     2     0]
 [   19     4     0     0     1     0     0     1     0     0     0     0
      0     0     0    22     0     3    14     0   381     4     0     0
      0     0     1     0]
 [   13     6     9     1     1     0     0     0     0     0     4     2
      0     0     0     2     0     2     6     0   870     0     0     0
      0     1    33     0]
 [   20    15    15     1     1     0     1     2     0     0     7     2
      0     0     0     3     0     1     5     0  1497     0     0     0
      0     0    15     0]
 [   14    11    37     5     1     0     0     0     0     0     4    28
      0     0     0     0     0     0     5     0   501     0     0     0
      0     0    16     0]
 [    3     8     5     0     1     0     0     0     0     0     0     0
      0     0     0     0     0     0     2     0   248     0     0     0
      0     0    16     0]
 [   87     7     7     0     0     0     0     2     0     0     0     0
      0     5     0    19     0    18     8     0   447     0     0     0
      0     0     0     0]
 [    6     7     9     1     1     0     0     1     0     0     3    16
      0     0     0     1     0     0     1     0   305     0     0     0
      0     0    13     0]
 [   78     3     0     0     0     0     0     0     0     0     0     0
      0     3     0   882     0    20     5     0   406     0     0     0
      0     1    11     0]
 [    1     0     2     0     0     0     0     0     0     0     0     0
      0     0     0     4     0     0     0     0    62     0     0     0
      0     2     4     0]
 [  110    25     0     0     0     0     0     0     0     0     0     0
      0     5     0    48     0    46    37     0   617     0     0     0
      0     0     3     0]
 [   82    14     0     0     0     0     0     0     0     0     0     0
      0     1     0    11     0     5   424     0   414     0     0     0
      0     1     0     0]
 [    3     0     1     0     0     0     1     0     0     0     1     2
      0     0     0     0     0     0     0     0   136     0     0     0
      0     0     3     0]
 [  271    83    88    13     7     4     1    84     0     0    22    13
      0     6     0   103     0    27    80     0 10181     3     0     0
      0     3    50     0]
 [   73     0     1     0     0     1     0     0     0     0     2     0
      0     0     0    42     0     2     5     0   744     4     0     0
      0     0     3     0]
 [   25     1     1     0     0     0     0     0     0     0     0     0
      0     0     0    11     0     0     3     0   101     0     0     0
      0     1     0     0]
 [   18     8     0     1     0     0     0     0     0     0     2     1
      0     1     0     2     0     0     2     0   919     0     0     0
      0     0     6     0]
 [    4     0     0     0     0     0     0     0     0     0     0     0
      0     0     0    11     0     1     1     0   123     1     0     0
      0     0     3     0]
 [    1     4     1     0     0     0     0     0     0     0     3     1
      0     0     0     6     0     2     2     0   222     0     0     0
      0    16    45     0]
 [    9     8     9     3     1     0     0     2     0     0     4     3
      0     0     0    10     0     2    11     0   650     0     0     0
      0    12    81     0]
 [   42    14    14     0     0     0     0     6     0     0     2     3
      0     2     0     5     0     6     3     0   622     0     0     0
      0     0     2     0]]

              precision    recall  f1-score   support

           0       0.41      0.39      0.40      2089
           1       0.34      0.13      0.19      1196
           2       0.20      0.07      0.11       998
           3       0.06      0.00      0.00      1688
           4       0.32      0.00      0.01      2229
           5       0.53      0.01      0.02       716
           6       0.20      0.00      0.00       934
           7       0.31      0.05      0.09      1180
           8       0.00      0.00      0.00       450
           9       0.00      0.00      0.00       950
          10       0.09      0.00      0.01      1585
          11       0.32      0.05      0.08       622
          12       0.00      0.00      0.00       283
          13       0.22      0.01      0.02       600
          14       0.00      0.00      0.00       364
          15       0.67      0.63      0.65      1409
          16       0.00      0.00      0.00        75
          17       0.25      0.05      0.09       891
          18       0.56      0.45      0.50       952
          19       0.00      0.00      0.00       147
          20       0.36      0.92      0.52     11039
          21       0.29      0.00      0.01       877
          22       0.00      0.00      0.00       143
          23       0.00      0.00      0.00       960
          24       0.00      0.00      0.00       144
          25       0.39      0.05      0.09       303
          26       0.22      0.10      0.14       805
          27       0.00      0.00      0.00       721

    accuracy                           0.37     34350
   macro avg       0.20      0.10      0.10     34350
weighted avg       0.29      0.37      0.25     34350

Top MLP Sentiments

[[ 387  514 2099  795]
 [ 106 3165 3200 1349]
 [ 249 1609 6604 2577]
 [ 114  895 3207 7480]]
 
              precision    recall  f1-score   support

           0       0.45      0.10      0.17      3795
           1       0.51      0.40      0.45      7820
           2       0.44      0.60      0.51     11039
           3       0.61      0.64      0.63     11696

    accuracy                           0.51     34350
   macro avg       0.50      0.44      0.44     34350
weighted avg       0.52      0.51      0.50     34350

GIGAWORD

Base MLP Emotions

[[  701    17     3     3     2     3     0     3     2     1     0     5
      0     4     1    48     0     7    66     0  1194    14     0     0
      0     0     2     3]
 [   53   171     5     7     0     0     1     8     0     0     1     4
      0     1     3     4     0     6    20     0   904     0     0     0
      0     1     3     2]
 [   22     8    36    21     0     1     0     4     0     0     1     7
      0     0     0     4     0     0     8     0   864     1     0     0
      0     2     3     0]
 [   23    15    20    27     0     1     1    13     1     1     8     7
      0     0     6    12     0     2    11     0  1528     1     0     0
      0     1     3     1]
 [  119    21     3     4    12     3     1     4     1     0     7     4
      1     0     2    30     1     8    28     0  1958     6     0     0
      0     5     8     0]
 [   26     3     0     1     1    12     0     3     1     0     0     0
      0     0     0    28     0     2    15     0   606     8     0     0
      0     5     2     1]
 [    5     6     0     1     0     0     9    31     0     0     2     0
      1     0     1     3     0     0     5     0   863     1     0     0
      0     1     2     0]
 [   12     5     6     1     0     2     4   102     0     0     5     2
      2     2     2     6     0     1    12     0  1011     0     0     0
      0     0     3     1]
 [   16     0     0     0     0     2     0     1    13     0     0     0
      0     1     0     8     0     2    15     0   376    13     0     0
      0     0     2     0]
 [   25     8     2     2     1     1     2     3     1     2     5     4
      0     0     1     4     1     4     5     0   852     3     0     0
      0     7    13     2]
 [   24    11     7     5     3     1     1     3     0     0    23     5
      0     0     1     5     0     1    10     0  1475     1     0     0
      0     1     4     0]
 [   10     8    12     1     0     0     0     0     0     1     0    41
      0     0    11     3     0     0     7     0   520     0     0     0
      0     1     5     0]
 [    6     7     0     1     0     0     0     2     0     1     0     2
      4     0     1     1     0     0     5     0   247     1     0     0
      0     3     2     0]
 [   49     3     2     1     0     0     1     5     2     0     0     0
      0    16     0     9     0    12    15     0   479     2     0     0
      0     0     0     1]
 [   10     9     3     0     0     0     0     0     0     0     0     8
      0     0    22     2     0     2     0     0   297     3     0     0
      0     1     4     1]
 [  102     9     3     0     3     5     0     2     5     0     0     0
      0     4     0   442     0     6    20     0   766    15     0     0
      0    16     6     4]
 [    1     0     0     0     0     0     0     0     0     1     0     0
      0     0     0     0     3     0     2     0    63     1     0     0
      0     1     3     0]
 [   78    30     0     1     1     1     0     0     2     0     0     0
      0     8     0    34     0    33    40     0   652     5     0     0
      0     1     6     0]
 [   70     7     0     3     0     1     0     3     1     0     0     0
      0     0     0    15     0     3   338     0   502     1     0     0
      0     1     2     2]
 [    2     0     0     0     0     0     0     1     0     2     0     0
      0     2     1     1     0     0     0     0   136     0     0     0
      0     0     1     0]
 [  269   101    49    23     5    11     8   111     5     6    35    21
      2     5    11    74     7    14    96     1 10024    23     0     1
      0    11    34     5]
 [   47     3     2     1     1     1     0     0     7     0     2     0
      0     2     1    26     0     4    13     0   715    49     0     0
      0     2     1     0]
 [   19     0     1     0     0     0     0     0     0     0     0     0
      0     0     1     5     0     3     5     0   107     0     0     0
      0     1     0     1]
 [   21     4     2     0     0     0     1     1     1     2     5     0
      0     0     0     3     0     1     3     0   907     0     0     0
      0     2     6     0]
 [    6     1     0     0     0     1     0     0     0     0     0     0
      0     0     0     4     0     1     2     0   121     4     0     0
      0     1     3     0]
 [    4     4     0     4     0     0     0     3     0     1     0     0
      2     0     1     1     0     0     2     1   235     1     0     0
      0    35     9     0]
 [    9     6     2     3     0     4     2     3     0     0     0     3
      0     0     0     4     1     2     7     0   659     4     0     0
      0    22    72     0]
 [   32     7     7     1     0     0     2     6     1     0     2     3
      0     2     2     4     0     0     7     0   629     3     0     0
      0     0     5     8]]
      
              precision    recall  f1-score   support

           0       0.40      0.34      0.37      2079
           1       0.37      0.14      0.21      1194
           2       0.22      0.04      0.06       982
           3       0.24      0.02      0.03      1682
           4       0.41      0.01      0.01      2226
           5       0.24      0.02      0.03       714
           6       0.27      0.01      0.02       931
           7       0.33      0.09      0.14      1179
           8       0.30      0.03      0.05       449
           9       0.11      0.00      0.00       948
          10       0.24      0.01      0.03      1581
          11       0.35      0.07      0.11       620
          12       0.33      0.01      0.03       283
          13       0.34      0.03      0.05       597
          14       0.32      0.06      0.10       362
          15       0.57      0.31      0.40      1408
          16       0.23      0.04      0.07        75
          17       0.29      0.04      0.07       892
          18       0.45      0.36      0.40       949
          19       0.00      0.00      0.00       146
          20       0.35      0.92      0.51     10952
          21       0.31      0.06      0.09       877
          22       0.00      0.00      0.00       143
          23       0.00      0.00      0.00       959
          24       0.00      0.00      0.00       144
          25       0.29      0.12      0.17       303
          26       0.35      0.09      0.14       803
          27       0.25      0.01      0.02       721

    accuracy                           0.36     34199
   macro avg       0.27      0.10      0.11     34199
weighted avg       0.32      0.36      0.24     34199

Base MLP Sentiments

[[ 502  660 1770  858]
 [ 214 2931 2947 1693]
 [ 370 1790 5761 3031]
 [ 174 1326 3253 6919]]
 
               precision    recall  f1-score   support

           0       0.40      0.13      0.20      3790
           1       0.44      0.38      0.40      7785
           2       0.42      0.53      0.47     10952
           3       0.55      0.59      0.57     11672

    accuracy                           0.47     34199
   macro avg       0.45      0.41      0.41     34199
weighted avg       0.47      0.47      0.46     34199

FASTEST_WIKI

Base MLP Emotions

[[ 857   34    1    7   20   12    1    9    4    3   10    3    1   21
     3   66    0   41   92    0  843   20    4    0    0    2    5   30]
 [  28  600    5    9    4    1    2    6    1    0    2    2    2    6
     3    5    0   25   20    0  448    7    0    1    0    2   10    8]
 [  13   12  196   50    3    4    3    7    3    7   17   22    2    2
     5    3    2    2    3    0  621    1    0    0    0    3   10    7]
 [  17   48   86   62    5    4   11   30    3   10   32   25    5    2
     5   13    0    8    7    0 1266    4    0    0    0    7   26   12]
 [ 106   40    7   11  121   10    6    9    4    5   29    6    2    6
     5   22    1   23   52    0 1676   38    2    1    2   10   27    9]
 [  11    8    4    2    9   82    0    7    0    2    7    1    0    0
     2   16    0    9   14    0  481   37    0    1    0   10   13    0]
 [   4   19    6    2    3    1   74  114    0    0    7    0    1    0
     3    3    0    3    3    0  675    3    0    1    0    2    6    4]
 [  10   19    5    3    3    5   41  258    4    1    0    0    2    4
     0    7    0    3   12    0  784    3    0    0    0    2    3   12]
 [   2    5    0    0    6    5    0    2   70    2    1    0    0    0
     0    5    0    5   19    0  286   38    0    0    0    1    3    0]
 [  19   15   14   12    4    2    4   14    5   30   21   10    2    1
     6    2    0    1    8    1  685   10    0    3    1   12   59    9]
 [  16   26   36   20    6    3    4    8    1   11  124    9    2    0
     5    7    3    3    9    0 1253    8    0    1    1    6   15    8]
 [  12    9   40   17    3    0    2    2    0    8   11   77    6    1
    11    4    0    0    7    0  381    3    0    0    0    2   19    7]
 [   5   10    6   10    0    0    1    3    0    5    1    5   20    1
     2    1    0    0    5    0  191    1    0    2    0    7    4    3]
 [  43   20    4    1    5    0    0    7    1    0    2    2    0   50
     1   13    0   37   16    0  359   10    0    1    0    0    3   25]
 [   5   10    4    3    1    4    2    1    0    2    1   10    2    0
    91    1    1    0    2    1  202    7    0    0    0    0    8    6]
 [  69    8    3    2    9    8    0    3    1    0    0    0    0    7
     0 1053    1   26    6    0  164   14    0    1    1   23    7    3]
 [   0    0    2    0    0    0    0    0    0    1    0    0    0    0
     1    3    6    1    1    0   43    1    0    0    0    3   12    1]
 [  55   96    2    1   13    8    0    2    3    2    3    0    1   18
     3   44    0  153   55    0  400   14    0    0    3    2    8    6]
 [  42   13    2    0    3    2    1    6    2    1    5    0    0    1
     0   10    0    5  602    0  245    3    0    0    0    1    3    5]
 [   1    2    1    1    0    3    1    2    0    6    3    0    1    0
     2    0    0    0    0    7  106    0    0    0    0    0    9    2]
 [ 188  208  119   63   73   46   48  227   16   44  112   36   10   18
    31   97    6   42  140    5 9243   89    2    6    0   31   90   52]
 [  36    4    4    2    7   13    1    9   13    2    4    0    0    3
     4   21    0    7   11    0  521  200    0    0    1    3    8    3]
 [  19    0    2    1    2    0    0    2    0    0    1    0    0    0
     0    4    0   10    2    0   90    2    5    0    0    1    0    2]
 [  19   22    3    7    9    1    4    4    1    3    8    4    2    0
     6    4    0    3   10    0  807    5    0    7    0    8   14    9]
 [  12    1    1    0    0    1    0    0    0    1    1    0    0    1
     0   16    0    8    1    0   90    2    0    0    4    0    4    1]
 [   0    4    2    3    0    2    1    3    0    0    5    0    1    0
     0    6    1    0    4    0  123    3    0    1    0   99   45    0]
 [   4   13    4    9    4    7    2    6    3   17    5    4    0    0
     6    1    1    2   11    1  446    6    0    2    0   43  200    8]
 [  39   20   14   11    1    1    2   18    0    0    5    1    0    9
     8    9    0    5    7    0  442    2    0    3    0    2    9  113]]

               precision    recall  f1-score   support

           0       0.53      0.41      0.46      2089
           1       0.47      0.50      0.49      1197
           2       0.34      0.20      0.25       998
           3       0.20      0.04      0.06      1688
           4       0.39      0.05      0.10      2230
           5       0.36      0.11      0.17       716
           6       0.35      0.08      0.13       934
           7       0.34      0.22      0.27      1181
           8       0.52      0.16      0.24       450
           9       0.18      0.03      0.05       950
          10       0.30      0.08      0.12      1585
          11       0.35      0.12      0.18       622
          12       0.32      0.07      0.12       283
          13       0.33      0.08      0.13       600
          14       0.45      0.25      0.32       364
          15       0.73      0.75      0.74      1409
          16       0.27      0.08      0.12        75
          17       0.36      0.17      0.23       892
          18       0.54      0.63      0.58       952
          19       0.47      0.05      0.09       147
          20       0.40      0.84      0.55     11042
          21       0.38      0.23      0.28       877
          22       0.38      0.03      0.06       143
          23       0.23      0.01      0.01       960
          24       0.31      0.03      0.05       144
          25       0.35      0.33      0.34       303
          26       0.32      0.25      0.28       805
          27       0.33      0.16      0.21       721

    accuracy                           0.42     34357
   macro avg       0.38      0.21      0.24     34357
weighted avg       0.39      0.42      0.35     34357

Base MLP Sentiments

[[1253  651 1088  804]
 [ 328 4190 1820 1482]
 [ 762 2146 5117 3017]
 [ 284 1092 1981 8342]]
 
              precision    recall  f1-score   support

           0       0.48      0.33      0.39      3796
           1       0.52      0.54      0.53      7820
           2       0.51      0.46      0.49     11042
           3       0.61      0.71      0.66     11699

    accuracy                           0.55     34357
   macro avg       0.53      0.51      0.52     34357
weighted avg       0.54      0.55      0.54     34357
