
  _____           __                                          
 |  __ \         / _|                                         
 | |__) |__ _ __| |_ ___  _ __ _ __ ___   __ _ _ __   ___ ___ 
 |  ___/ _ \ '__|  _/ _ \| '__| '_ ` _ \ / _` | '_ \ / __/ _ \
 | |  |  __/ |  | || (_) | |  | | | | | | (_| | | | | (_|  __/
 |_|   \___|_|  |_| \___/|_|  |_| |_| |_|\__,_|_| |_|\___\___|

=========================Base MNB - Emotions=============================

Confusion Matrix

[[ 921   17    2    9   24    1    0    4    2    1    7    1    1    8
     1   38    0   15   46    0  968   11    0    3    0    0    1    8]
 [  39  423    5   12   12    3    0    0    1    0    4    1    0    4
     0    7    0   13   10    0  649    4    0    3    0    0    0    8]
 [  15    6  133   70    7    3    2    4    0    9   21    7    1    2
     0    6    0    2    1    0  702    3    0    2    0    0    1    2]
 [  23   28   62  118   35    1    6    4    1   10   29   10    2    1
     1   15    0    2    3    0 1308    3    1    6    0    2    9    9]
 [ 113   17   10   26  218    9   11    6    4    7   22    3    0    6
     2   17    0    6   15    0 1695   16    0   13    0    1   11    3]
 [  19    3    1    3   26   29    2    4    2    4    5    0    0    0
     0   18    0    4    5    0  560   25    0    1    0    2    3    0]
 [   9    6    2   11   15    0   62   22    0    2   10    3    2    1
     1    9    0    0    3    0  765    1    0    8    0    0    0    2]
 [  25    9    3    8   14    3   23  110    1    4    6    0    1    5
     0   14    0    1    6    1  924    2    0    7    0    1    2   11]
 [   8    5    3    5    5    2    2    0   19    0    3    0    0    1
     0    4    0    1   13    0  356   21    0    0    0    0    0    2]
 [  18    8    9   23   17    2    5    5    3   35   21    3    0    2
     2    2    0    1    3    0  766    5    0    4    0    1   12    3]
 [  22   23   19   37   31    1    4    3    1    5  120    6    3    0
     2   10    0    1    5    0 1277    3    0    6    0    1    4    1]
 [  11    3   27   34   13    0    3    1    1    5   13   68    2    0
     1    1    0    0    2    0  427    6    0    0    0    1    3    0]
 [   4    2    6   10    2    1    1    3    0    4    6    1   10    1
     0    0    0    1    5    0  219    0    0    2    0    2    3    0]
 [  54    6    2    3   11    0    1    4    0    3    1    1    0   37
     2    6    0   34    8    0  407    7    0    1    0    1    1   10]
 [   8    3    3    7    9    3    1    2    0    2    1    5    0    0
    30    0    0    0    1    0  280    3    1    3    0    0    0    2]
 [  91    6    0    4   10    5    0    0    1    4    2    0    0    1
     0  980    0   16    2    0  267   11    0    1    0    2    5    1]
 [   1    0    1    1    0    0    1    0    0    1    1    0    0    0
     0    0    0    0    1    0   63    1    0    0    0    0    4    0]
 [  72   55    0    2   17    1    0    3    1    0    2    0    0    9
     1   23    0  128   32    0  535    5    0    2    0    0    0    4]
 [  77    9    1    1   13    1    1    0    0    1    1    0    0    2
     0    9    0    9  349    0  475    1    0    1    0    0    0    1]
 [   3    0    0    3    2    2    0    0    0    2    4    0    0    0
     1    0    0    0    0    0  127    1    0    0    0    0    1    1]
 [ 257  131  113  160  272   33   51   78   17   53  158   33    8   30
    14   75    0   53   73    0 9225   62    0   53    2    5   47   42]
 [  38    4    4    3   15    6    2    2    5    0    6    1    1    2
     0   10    0    6    6    0  614  144    0    3    0    0    3    2]
 [  26    0    1    3    4    1    0    1    0    1    0    1    0    1
     0    4    0    3    0    0   93    2    1    1    0    0    0    0]
 [  21   10    5   23   19    2    4    6    0    2   11    0    0    1
     1    3    0    6    4    0  802    7    0   29    0    0    0    4]
 [   8    1    0    3    7    1    0    1    0    1    0    0    0    0
     0   14    0    2    0    0  105    1    0    0    0    0    0    0]
 [   1    1    2    3    3    1    2    0    0    2    2    0    0    0
     0    5    0    1    1    0  233    0    0    1    0   22   23    0]
 [   6    4    2   10    7    5    1    2    1   13   13    1    0    2
     2    3    0    3    4    0  624    6    0    2    0   10   79    5]
 [  46    7   11   10   10    2    4    8    0    0    5    3    0    4
     0    4    0    5    6    0  514    0    0    5    0    0    2   75]]

Classification Report

                precision    recall  f1-score   support

    admiration       0.48      0.44      0.46      2089
     amusement       0.54      0.35      0.43      1198
         anger       0.31      0.13      0.19       999
     annoyance       0.20      0.07      0.10      1689
      approval       0.27      0.10      0.14      2231
        caring       0.25      0.04      0.07       716
     confusion       0.33      0.07      0.11       934
     curiosity       0.40      0.09      0.15      1181
        desire       0.32      0.04      0.07       450
disappointment       0.20      0.04      0.06       950
   disapproval       0.25      0.08      0.12      1585
       disgust       0.46      0.11      0.18       622
 embarrassment       0.32      0.04      0.06       283
    excitement       0.31      0.06      0.10       600
          fear       0.49      0.08      0.14       364
     gratitude       0.77      0.70      0.73      1409
         grief       0.00      0.00      0.00        75
           joy       0.41      0.14      0.21       892
          love       0.58      0.37      0.45       952
   nervousness       0.00      0.00      0.00       147
       neutral       0.37      0.84      0.51     11045
      optimism       0.41      0.16      0.23       877
         pride       0.33      0.01      0.01       143
   realization       0.18      0.03      0.05       960
        relief       0.00      0.00      0.00       144
       remorse       0.43      0.07      0.12       303
       sadness       0.37      0.10      0.16       805
      surprise       0.38      0.10      0.16       721

      accuracy                           0.39     34364
     macro avg       0.33      0.15      0.18     34364
  weighted avg       0.37      0.39      0.32     34364

=========================Base MNB - Sentiments=============================

Confusion Matrix

[[   0    0    0    0    0    0    0    0    0    0    0    0    0    0
     0    0    0    0    0    0    0    0    0    0    0    0    0    0
     0    0]
 [ 101    0   32   21   52   58    7   93  146    1    8   32    6    3
    11    2   30   12   19    0    1 3005   10    0    0   49    0    1
     4   92]
 [   0    0    0    0    0    0    0    0    0    0    0    0    0    0
     0    0    0    0    0    0    0    0    0    0    0    0    0    0
     0    0]
 [   0    0    0    0    0    0    0    0    0    0    0    0    0    0
     0    0    0    0    0    0    0    0    0    0    0    0    0    0
     0    0]
 [   0    0    0    0    0    0    0    0    0    0    0    0    0    0
     0    0    0    0    0    0    0    0    0    0    0    0    0    0
     0    0]
 [   0    0    0    0    0    0    0    0    0    0    0    0    0    0
     0    0    0    0    0    0    0    0    0    0    0    0    0    0
     0    0]
 [   0    0    0    0    0    0    0    0    0    0    0    0    0    0
     0    0    0    0    0    0    0    0    0    0    0    0    0    0
     0    0]
 [   0    0    0    0    0    0    0    0    0    0    0    0    0    0
     0    0    0    0    0    0    0    0    0    0    0    0    0    0
     0    0]
 [   0    0    0    0    0    0    0    0    0    0    0    0    0    0
     0    0    0    0    0    0    0    0    0    0    0    0    0    0
     0    0]
 [   0    0    0    0    0    0    0    0    0    0    0    0    0    0
     0    0    0    0    0    0    0    0    0    0    0    0    0    0
     0    0]
 [   0    0    0    0    0    0    0    0    0    0    0    0    0    0
     0    0    0    0    0    0    0    0    0    0    0    0    0    0
     0    0]
 [   0    0    0    0    0    0    0    0    0    0    0    0    0    0
     0    0    0    0    0    0    0    0    0    0    0    0    0    0
     0    0]
 [   0    0    0    0    0    0    0    0    0    0    0    0    0    0
     0    0    0    0    0    0    0    0    0    0    0    0    0    0
     0    0]
 [   0    0    0    0    0    0    0    0    0    0    0    0    0    0
     0    0    0    0    0    0    0    0    0    0    0    0    0    0
     0    0]
 [   0    0    0    0    0    0    0    0    0    0    0    0    0    0
     0    0    0    0    0    0    0    0    0    0    0    0    0    0
     0    0]
 [   0    0    0    0    0    0    0    0    0    0    0    0    0    0
     0    0    0    0    0    0    0    0    0    0    0    0    0    0
     0    0]
 [   0    0    0    0    0    0    0    0    0    0    0    0    0    0
     0    0    0    0    0    0    0    0    0    0    0    0    0    0
     0    0]
 [   0    0    0    0    0    0    0    0    0    0    0    0    0    0
     0    0    0    0    0    0    0    0    0    0    0    0    0    0
     0    0]
 [   0    0    0    0    0    0    0    0    0    0    0    0    0    0
     0    0    0    0    0    0    0    0    0    0    0    0    0    0
     0    0]
 [ 112    0   78  264  316  126   19   26   24    7   88  231  101   18
     8   39   42   11   26    0    0 6026   31    0    2   26    0   39
   139   23]
 [   0    0    0    0    0    0    0    0    0    0    0    0    0    0
     0    0    0    0    0    0    0    0    0    0    0    0    0    0
     0    0]
 [ 257    0  131  113  160  272   33   51   78   17   53  158   33    8
    30   14   75   53   73    0    0 9225   62    0    0   53    2    5
    47   42]
 [   0    0    0    0    0    0    0    0    0    0    0    0    0    0
     0    0    0    0    0    0    0    0    0    0    0    0    0    0
     0    0]
 [1466    0  546   29   74  362   59   19   25   35   22   53    8    2
    71    6 1130  237  486    0    0 6724  248    0    1   29    0    6
    24   39]
 [   0    0    0    0    0    0    0    0    0    0    0    0    0    0
     0    0    0    0    0    0    0    0    0    0    0    0    0    0
     0    0]
 [   0    0    0    0    0    0    0    0    0    0    0    0    0    0
     0    0    0    0    0    0    0    0    0    0    0    0    0    0
     0    0]
 [   0    0    0    0    0    0    0    0    0    0    0    0    0    0
     0    0    0    0    0    0    0    0    0    0    0    0    0    0
     0    0]
 [   0    0    0    0    0    0    0    0    0    0    0    0    0    0
     0    0    0    0    0    0    0    0    0    0    0    0    0    0
     0    0]
 [   0    0    0    0    0    0    0    0    0    0    0    0    0    0
     0    0    0    0    0    0    0    0    0    0    0    0    0    0
     0    0]
 [   0    0    0    0    0    0    0    0    0    0    0    0    0    0
     0    0    0    0    0    0    0    0    0    0    0    0    0    0
     0    0]]

Classification Report

              precision    recall  f1-score   support

   ambiguous       0.42      0.21      0.28      3796
    negative       0.53      0.52      0.52      7822
     neutral       0.48      0.48      0.48     11045
    positive       0.61      0.72      0.66     11701

    accuracy                           0.54     34364
   macro avg       0.51      0.48      0.48     34364
weighted avg       0.53      0.54      0.53     34364

==========================Base DT - Emotions============================

Confusion Matrix

[[1187   39   13   56  108   16   21   14   13    9   20    7    3   48
     3   64    2   55   70    1  265   34    9   13    3    0    1   15]
 [  65  704   17   44   50    4   15    8    3    6   13    9    3   20
     2    5    0   48   10    1  136    5    1   13    0    5    3    8]
 [  35   21  365  145   32   15   25   15    3   28   43   33    8    5
     2    1    1    3    4    1  184    3    0    8    2    2    9    6]
 [  55   86  217  391   97   28   42   37   13   70   87   44   16   16
     4   13    1    9    7    4  393    7    0   21    1    5   14   11]
 [ 208   47   53  135  583   67   47   34   33   40   82   15   12   28
     9   20    1   40   41    8  625   40    5   30    5    3   10   10]
 [  46   18   15   45   77  187   10   14   10   13   18    2    2    4
     6   15    2    8   13    8  159   25    0    6    2    3    8    0]
 [  18   26   27   52   58   12  268  124    1   12   32    7    1    3
     2    4    2    5    5    3  251    1    0    8    0    2    1    9]
 [  34   21   27   59   52   15  154  372    6   11   19    0    5   17
     1    8    0    6    6    3  317    4    1   11    0    3    2   27]
 [  20   10    8   20   30   17   11   13  129   12   11    1    1    6
     3    3    2    6   10    0  102   26    0    4    1    1    3    0]
 [  30   29   58  104   61   19   29   15   16  165   66   16   12    3
     8    2    2    6    8    5  206   13    0   12    2   12   41   10]
 [  36   45  114  191  123   25   59   25   14   69  357   22   13    2
     9    7    1    7    5    1  398   14    0   18    2    6   12   10]
 [  15   17   77   90   32    3   13    7    3   31   45  145   10    3
    15    2    0    0    2    0   98    4    0    3    0    1    5    1]
 [   7   15   17   38   16    1    5   10    0   17   13   10   48    2
     2    1    2    1    4    2   57    3    0    1    0    8    1    2]
 [  82   33   14   19   35    8    9   25    9   10   11    1    2  135
     2    9    0   46   12    1  104    7    1    6    0    1    4   14]
 [  10   10   19   28   15   10    2    2    2   18   12   17    6    1
   138    0    1    0    1    7   49    3    1    3    0    0    5    4]
 [ 128   11    7   17   23   20    1    0    4    8    6    0    1    5
     0 1055    2   24    7    0   46   17    0    1    7   13    5    1]
 [   4    3    6    6    2    4    2    1    2    6    2    0    2    0
     3    1    5    0    0    0   17    0    0    2    0    5    2    0]
 [ 112  119    4   21   60   18    6   10   17   12   10    2    3   52
     4   34    1  218   49    0  116    6    2    6    5    1    1    3]
 [ 131   28    8   17   46   16    8    7   19    6    8    3    0   20
     2   12    0   43  480    0   79    7    0    4    0    1    4    3]
 [   3    5    8   17   13    8    5    3    2   11    4    3    2    1
     8    1    0    0    0   15   31    0    0    0    0    1    3    3]
 [ 539  312  446  651 1069  241  372  373  143  274  523  121   57  154
    76   82    9  167  140   33 4860   97    9  106   13   23   75   80]
 [  67   15   19   41   85   38   18   18   34   14   30    4    5   17
     5   21    0   15   12    1  220  184    2    5    2    1    4    0]
 [  35    0    3    4   16    2    5    1    0    4    2    1    0    2
     0    4    1    8    2    1   38    7    7    0    0    0    0    0]
 [  40   35   30   64  113   17   33   17   10   34   64    7    2    7
     4    7    1   10    8    3  339    8    1   75    1    5    6   19]
 [  13    2    2    5   31    6    1    1    2    1    3    1    1    2
     2    9    0   17    0    0   30    0    0    1   12    0    1    1]
 [   2    4    4   12    6   17    6    2    2   19   19    4   14    0
     1   17    2    0    3    2   43    1    0    6    1   89   26    1]
 [  16   12   30   61   47   36    8   11    7   84   35   16    8    3
     8    7    7    7    9   10  172    3    1   10    2   37  154    4]
 [  70   31   21   47   37    2   36   34    1   16   25    9    6   30
     6    5    4   10    3    3  159    5    0   16    0    1    4  140]]

Classification Report

                precision    recall  f1-score   support

    admiration       0.39      0.57      0.47      2089
     amusement       0.41      0.59      0.49      1198
         anger       0.22      0.37      0.28       999
     annoyance       0.16      0.23      0.19      1689
      approval       0.20      0.26      0.23      2231
        caring       0.22      0.26      0.24       716
     confusion       0.22      0.29      0.25       934
     curiosity       0.31      0.31      0.31      1181
        desire       0.26      0.29      0.27       450
disappointment       0.17      0.17      0.17       950
   disapproval       0.23      0.23      0.23      1585
       disgust       0.29      0.23      0.26       622
 embarrassment       0.20      0.17      0.18       283
    excitement       0.23      0.23      0.23       600
          fear       0.42      0.38      0.40       364
     gratitude       0.75      0.75      0.75      1409
         grief       0.10      0.07      0.08        75
           joy       0.29      0.24      0.26       892
          love       0.53      0.50      0.52       952
   nervousness       0.13      0.10      0.12       147
       neutral       0.51      0.44      0.47     11045
      optimism       0.35      0.21      0.26       877
         pride       0.17      0.05      0.08       143
   realization       0.19      0.08      0.11       960
        relief       0.20      0.08      0.12       144
       remorse       0.39      0.29      0.33       303
       sadness       0.38      0.19      0.25       805
      surprise       0.37      0.19      0.25       721

      accuracy                           0.36     34364
     macro avg       0.30      0.28      0.28     34364
  weighted avg       0.38      0.36      0.36     34364

=========================Base DT - Sentiments============================

Confusion Matrix

[[   0    0    0    0    0    0    0    0    0    0    0    0    0    0
     0    0    0    0    0    0    0    0    0    0    0    0    0    0
     0    0    0]
 [ 162    0  113  105  222  260   46  491  547   18   73  140   23   14
    57   13   24    7   31   22    0   12 1066   18    0    2  110    1
    11   13  195]
 [   0    0    0    0    0    0    0    0    0    0    0    0    0    0
     0    0    0    0    0    0    0    0    0    0    0    0    0    0
     0    0    0]
 [   0    0    0    0    0    0    0    0    0    0    0    0    0    0
     0    0    0    0    0    0    0    0    0    0    0    0    0    0
     0    0    0]
 [   0    0    0    0    0    0    0    0    0    0    0    0    0    0
     0    0    0    0    0    0    0    0    0    0    0    0    0    0
     0    0    0]
 [   0    0    0    0    0    0    0    0    0    0    0    0    0    0
     0    0    0    0    0    0    0    0    0    0    0    0    0    0
     0    0    0]
 [   0    0    0    0    0    0    0    0    0    0    0    0    0    0
     0    0    0    0    0    0    0    0    0    0    0    0    0    0
     0    0    0]
 [   0    0    0    0    0    0    0    0    0    0    0    0    0    0
     0    0    0    0    0    0    0    0    0    0    0    0    0    0
     0    0    0]
 [   0    0    0    0    0    0    0    0    0    0    0    0    0    0
     0    0    0    0    0    0    0    0    0    0    0    0    0    0
     0    0    0]
 [   0    0    0    0    0    0    0    0    0    0    0    0    0    0
     0    0    0    0    0    0    0    0    0    0    0    0    0    0
     0    0    0]
 [   0    0    0    0    0    0    0    0    0    0    0    0    0    0
     0    0    0    0    0    0    0    0    0    0    0    0    0    0
     0    0    0]
 [   0    0    0    0    0    0    0    0    0    0    0    0    0    0
     0    0    0    0    0    0    0    0    0    0    0    0    0    0
     0    0    0]
 [   0    0    0    0    0    0    0    0    0    0    0    0    0    0
     0    0    0    0    0    0    0    0    0    0    0    0    0    0
     0    0    0]
 [   0    0    0    0    0    0    0    0    0    0    0    0    0    0
     0    0    0    0    0    0    0    0    0    0    0    0    0    0
     0    0    0]
 [   0    0    0    0    0    0    0    0    0    0    0    0    0    0
     0    0    0    0    0    0    0    0    0    0    0    0    0    0
     0    0    0]
 [   0    0    0    0    0    0    0    0    0    0    0    0    0    0
     0    0    0    0    0    0    0    0    0    0    0    0    0    0
     0    0    0]
 [   0    0    0    0    0    0    0    0    0    0    0    0    0    0
     0    0    0    0    0    0    0    0    0    0    0    0    0    0
     0    0    0]
 [   0    0    0    0    0    0    0    0    0    0    0    0    0    0
     0    0    0    0    0    0    0    0    0    0    0    0    0    0
     0    0    0]
 [   0    0    0    0    0    0    0    0    0    0    0    0    0    0
     0    0    0    0    0    0    0    0    0    0    0    0    0    0
     0    0    0]
 [   0    0    0    0    0    0    0    0    0    0    0    0    0    0
     0    0    0    0    0    0    0    0    0    0    0    0    0    0
     0    0    0]
 [ 213    0  247  915 1083  444  166  196  128   64  518  683  310  139
    36  198   52   22   33   43    0   47 1648   51    0    2   84   10
   166  272   52]
 [   0    0    0    0    0    0    0    0    0    0    0    0    0    0
     0    0    0    0    0    0    0    0    0    0    0    0    0    0
     0    0    0]
 [ 539    0  312  446  651 1069  241  372  373  143  274  523  121   57
   154   76   82    9  167  140    0   33 4860   97    0    9  106   13
    23   75   80]
 [   0    0    0    0    0    0    0    0    0    0    0    0    0    0
     0    0    0    0    0    0    0    0    0    0    0    0    0    0
     0    0    0]
 [2094    0 1026  163  424 1144  399  152  145  273  135  214   46   33
   339   38 1251   11  528  706    0   21 1920  358    0   27   89   37
    29   44   55]
 [   0    0    0    0    0    0    0    0    0    0    0    0    0    0
     0    0    0    0    0    0    0    0    0    0    0    0    0    0
     0    0    0]
 [   0    0    0    0    0    0    0    0    0    0    0    0    0    0
     0    0    0    0    0    0    0    0    0    0    0    0    0    0
     0    0    0]
 [   0    0    0    0    0    0    0    0    0    0    0    0    0    0
     0    0    0    0    0    0    0    0    0    0    0    0    0    0
     0    0    0]
 [   0    0    0    0    0    0    0    0    0    0    0    0    0    0
     0    0    0    0    0    0    0    0    0    0    0    0    0    0
     0    0    0]
 [   0    0    0    0    0    0    0    0    0    0    0    0    0    0
     0    0    0    0    0    0    0    0    0    0    0    0    0    0
     0    0    0]
 [   0    0    0    0    0    0    0    0    0    0    0    0    0    0
     0    0    0    0    0    0    0    0    0    0    0    0    0    0
     0    0    0]]

Classification Report

              precision    recall  f1-score   support

   ambiguous       0.35      0.45      0.39      3796
    negative       0.51      0.59      0.55      7822
     neutral       0.51      0.47      0.49     11045
    positive       0.69      0.61      0.65     11701

    accuracy                           0.54     34364
   macro avg       0.52      0.53      0.52     34364
weighted avg       0.56      0.54      0.55     34364

===================Base MLP - Emotions - (40 iter)=======================

Confusion Matrix

[[1098   27    5    1    7    2    1    3    3    1    0    4    0    4
     2   34    0   39   67    0  735   22    0    0    0    3    1   30]
 [  34  747    6    5    2    0    1    0    3    0    0    3    0    3
     1    4    0   14   13    0  335    7    0    1    0    5    1   13]
 [  13    8  239   40    1    1    1    1    1    3    4   23    0    0
     3    4    0    5    4    0  629    8    0    0    0    5    2    4]
 [  33   56   93   76    7    1    1    1    4    6    5   29    0    1
     5   15    0    8    7    0 1299    6    0    0    0    8   12   16]
 [ 150   35   16    4  131    5    3    5    4    0    6    8    0    2
     7   18    0   24   35    0 1720   30    0    1    0    8   10    9]
 [  31   11    5    4    6   27    2    0    4    1    1    3    0    0
     4    9    0   15   15    0  517   41    0    0    0   11    8    1]
 [   8   26    5    3    3    0   51    3    0    0    2    2    0    2
     1    6    0    4    4    0  799    2    0    1    0    2    4    6]
 [  23   28    6    2    3    0    4   89    3    0    1    2    0    2
     2    8    0    5   10    0  955    5    0    0    0    5    0   28]
 [  15    7    2    0    2    2    0    0   96    0    1    1    0    1
     0    3    0    1   18    0  268   30    0    0    0    0    2    1]
 [  26   15   17   12    3    4    2    0    9   20    2   16    0    1
     4    1    0    2   10    0  746    7    0    1    0   12   28   12]
 [  30   35   39   26   17    1    3    1    4    1   19   13    1    1
     3    6    0    4   13    0 1328    7    0    0    0   11    8   14]
 [  11   11   54   18    4    0    0    0    1    4    2  111    0    0
     8    1    0    1    2    0  381    5    0    0    0    2    3    3]
 [   1    9    6    7    0    1    1    0    1    2    2    6    3    2
     2    2    0    0    4    0  221    2    0    0    0    5    2    4]
 [  63   17    4    0    6    0    0    5    1    1    0    0    0   49
     0    8    0   51   15    0  330    6    0    0    0    1    3   40]
 [   2    9    4    2    1    2    0    0    0    0    1    9    0    0
   103    0    0    0    2    0  218    5    0    0    0    1    3    2]
 [  92   11    0    1    2    2    0    0    3    1    0    1    0    0
     3 1078    0   44    4    0  111   23    0    0    0   30    1    2]
 [   2    3    3    1    0    0    0    0    0    1    1    0    0    0
     1    0    0    1    0    0   54    2    0    0    0    3    3    0]
 [  71  111    7    0    4    2    1    2    1    0    0    1    0    3
     1   16    0  269   52    0  337    7    0    0    0    2    1    4]
 [  59   19    4    1    0    0    0    0    1    2    0    0    0    0
     0    8    0   11  571    0  271    2    0    0    0    1    0    2]
 [   2    1    2    2    0    2    0    0    0    1    4    0    0    0
     3    0    0    1    1    0  121    1    0    0    0    1    2    3]
 [ 249  259  145   59   78   12   16   21   33   12   24   43    1   11
    27   71    0   68  124    0 9530   86    0    1    0   40   53   82]
 [  54   11    3    2    4    4    2    1   20    1    0    0    0    2
     1    5    0   10   11    0  451  285    0    0    0    3    2    5]
 [  31    0    2    1    1    1    0    0    0    0    0    0    0    0
     0    3    0    8    1    0   92    2    0    0    0    0    0    1]
 [  25   24    6    9    7    0    4    3    1    0    3    6    0    0
     2    3    0    7    7    0  812    7    0    4    0    3    3   24]
 [   8    1    2    0    0    1    0    0    0    0    0    1    0    1
     0   15    0   12    1    0   96    2    0    0    0    0    3    1]
 [   0    4    2    1    1    2    1    0    1    1    0    1    0    0
     0    1    0    1    2    0  107    1    0    0    0  161   16    0]
 [   6   11    4    3    5    1    0    1    2    4    0    6    0    0
     4    2    0    3   10    0  502    8    0    0    0   75  153    5]
 [  30   13   17    5    1    0    1    1    1    3    1    3    0    6
     3    2    0    5    3    0  405    4    0    0    0    1    1  215]]

Classification Report

                precision    recall  f1-score   support

    admiration       0.51      0.53      0.52      2089
     amusement       0.50      0.62      0.55      1198
         anger       0.34      0.24      0.28       999
     annoyance       0.27      0.04      0.08      1689
      approval       0.44      0.06      0.10      2231
        caring       0.37      0.04      0.07       716
     confusion       0.54      0.05      0.10       934
     curiosity       0.65      0.08      0.14      1181
        desire       0.49      0.21      0.30       450
disappointment       0.31      0.02      0.04       950
   disapproval       0.24      0.01      0.02      1585
       disgust       0.38      0.18      0.24       622
 embarrassment       0.60      0.01      0.02       283
    excitement       0.54      0.08      0.14       600
          fear       0.54      0.28      0.37       364
     gratitude       0.81      0.77      0.79      1409
         grief       0.00      0.00      0.00        75
           joy       0.44      0.30      0.36       892
          love       0.57      0.60      0.58       952
   nervousness       0.00      0.00      0.00       147
       neutral       0.41      0.86      0.55     11045
      optimism       0.46      0.32      0.38       877
         pride       0.00      0.00      0.00       143
   realization       0.44      0.00      0.01       960
        relief       0.00      0.00      0.00       144
       remorse       0.40      0.53      0.46       303
       sadness       0.47      0.19      0.27       805
      surprise       0.41      0.30      0.34       721

      accuracy                           0.44     34364
     macro avg       0.40      0.23      0.24     34364
  weighted avg       0.44      0.44      0.36     34364

===================Base MLP - Sentiments (200 iter)=======================

Confusion Matrix

[[   0    0    0    0    0    0    0    0    0    0    0    0    0    0
     0    0    0    0    0    0    0    0    0    0    0    0    0]
 [  86    0   91   34   19   14    0   60   96    5    3    7   13    0
    10    8   19   21   24    0 2971   18    0    5   11    8  273]
 [   0    0    0    0    0    0    0    0    0    0    0    0    0    0
     0    0    0    0    0    0    0    0    0    0    0    0    0]
 [   0    0    0    0    0    0    0    0    0    0    0    0    0    0
     0    0    0    0    0    0    0    0    0    0    0    0    0]
 [   0    0    0    0    0    0    0    0    0    0    0    0    0    0
     0    0    0    0    0    0    0    0    0    0    0    0    0]
 [   0    0    0    0    0    0    0    0    0    0    0    0    0    0
     0    0    0    0    0    0    0    0    0    0    0    0    0]
 [   0    0    0    0    0    0    0    0    0    0    0    0    0    0
     0    0    0    0    0    0    0    0    0    0    0    0    0]
 [   0    0    0    0    0    0    0    0    0    0    0    0    0    0
     0    0    0    0    0    0    0    0    0    0    0    0    0]
 [   0    0    0    0    0    0    0    0    0    0    0    0    0    0
     0    0    0    0    0    0    0    0    0    0    0    0    0]
 [   0    0    0    0    0    0    0    0    0    0    0    0    0    0
     0    0    0    0    0    0    0    0    0    0    0    0    0]
 [   0    0    0    0    0    0    0    0    0    0    0    0    0    0
     0    0    0    0    0    0    0    0    0    0    0    0    0]
 [   0    0    0    0    0    0    0    0    0    0    0    0    0    0
     0    0    0    0    0    0    0    0    0    0    0    0    0]
 [   0    0    0    0    0    0    0    0    0    0    0    0    0    0
     0    0    0    0    0    0    0    0    0    0    0    0    0]
 [   0    0    0    0    0    0    0    0    0    0    0    0    0    0
     0    0    0    0    0    0    0    0    0    0    0    0    0]
 [   0    0    0    0    0    0    0    0    0    0    0    0    0    0
     0    0    0    0    0    0    0    0    0    0    0    0    0]
 [   0    0    0    0    0    0    0    0    0    0    0    0    0    0
     0    0    0    0    0    0    0    0    0    0    0    0    0]
 [   0    0    0    0    0    0    0    0    0    0    0    0    0    0
     0    0    0    0    0    0    0    0    0    0    0    0    0]
 [   0    0    0    0    0    0    0    0    0    0    0    0    0    0
     0    0    0    0    0    0    0    0    0    0    0    0    0]
 [   0    0    0    0    0    0    0    0    0    0    0    0    0    0
     0    0    0    0    0    0    0    0    0    0    0    0    0]
 [ 126    0  162  463  188   39   15    9    4   23   43   40  214    4
     5  136   32   26   55    0 5606   52    0    1  284  232   63]
 [ 249    0  259  145   59   78   12   16   21   33   12   24   43    1
    11   27   71   68  124    0 9530   86    0    1   40   53   82]
 [   0    0    0    0    0    0    0    0    0    0    0    0    0    0
     0    0    0    0    0    0    0    0    0    0    0    0    0]
 [1706    0  997   56   19  165   46   10   16  136    7    8   22    0
    65   19 1201  498  803    0 5263  457    0    2   64   32  109]
 [   0    0    0    0    0    0    0    0    0    0    0    0    0    0
     0    0    0    0    0    0    0    0    0    0    0    0    0]
 [   0    0    0    0    0    0    0    0    0    0    0    0    0    0
     0    0    0    0    0    0    0    0    0    0    0    0    0]
 [   0    0    0    0    0    0    0    0    0    0    0    0    0    0
     0    0    0    0    0    0    0    0    0    0    0    0    0]
 [   0    0    0    0    0    0    0    0    0    0    0    0    0    0
     0    0    0    0    0    0    0    0    0    0    0    0    0]]

Classification Report

              precision    recall  f1-score   support

   ambiguous       0.49      0.19      0.28      3796
    negative       0.55      0.53      0.54      7822
     neutral       0.49      0.60      0.54     11045
    positive       0.67      0.68      0.68     11701

    accuracy                           0.57     34364
   macro avg       0.55      0.50      0.51     34364
weighted avg       0.57      0.57      0.56     34364

============================Top MNB - Emotions ===========================

Confusion Matrix

[[1055   25    6   16   46    3    0    5    3    5    9    2    1   20
     2   56    0   33   57    0  692   19    1    6    1    0    2   24]
 [  45  557    8   23   25    3    2    2    2    2    8    6    1   10
     0    8    0   21   14    0  436    3    0    6    0    0    6   10]
 [  18    9  189   95   12    6    3    7    0   14   33   12    1    3
     1    8    0    3    5    0  561    6    0    5    0    1    3    4]
 [  29   43   97  185   46    7   11   13    2   30   57   24    5    7
     3   19    0    5    7    0 1045    7    1   16    0    3   12   15]
 [ 137   26   18   47  291   21   17   15    7   15   53    9    1    8
     5   24    0   16   21    0 1405   39    1   28    2    4   15    6]
 [  26    7    6   13   26   78    4    8    2    5    8    1    1    2
     1   17    0   11    5    1  442   35    1    3    0    4    8    1]
 [  10   19    9   12   20    0  101   44    0    6   24    3    3    2
     2   11    0    2    2    1  645    0    0   12    0    1    1    4]
 [  30   18   10   13   21    7   37  169    4    4    7    0    2    8
     1   15    0    4    9    1  782    6    0   11    0    1    3   18]
 [  10    6    3    4    8    4    3    0   38    2    6    0    1    4
     1    5    0    3   13    0  296   36    0    3    0    0    1    3]
 [  28   10   16   42   22    6   10    6    5   71   26    8    1    6
     3    4    0    2    5    0  612   12    0   11    0    4   31    9]
 [  28   34   37   58   61    6   10    7    1   17  184   12    5    1
     5    9    0    2    6    0 1058   11    0   12    0    2   14    5]
 [  13    8   40   44   14    2    5    6    3   11   20  107    3    0
     5    2    0    2    2    0  317    7    0    4    0    1    6    0]
 [   5    5    6   12    3    1    2    4    0    5   13    3   27    1
     1    2    1    1    2    1  176    1    0    3    0    3    4    1]
 [  56   14    6    6   12    1    3   11    0    4    2    1    0   64
     2    9    0   52   17    1  304    9    0    2    0    1    1   22]
 [   6    4    8   12    9    4    2    2    0    6    1    8    0    1
    51    0    0    0    3    1  224    5    1    7    0    0    5    4]
 [  98   11    2    8   12    9    0    1    1    5    3    0    0    2
     2 1038    0   26    2    0  158   15    0    1    0    9    5    1]
 [   2    2    4    2    2    1    0    0    1    1    3    0    1    0
     1    0    0    0    1    0   46    1    0    0    0    1    6    0]
 [  88   75    0    3   23    4    1    6    4    1    4    1    1   15
     1   29    0  187   47    0  378   12    0    4    0    0    1    7]
 [  93   13    1    2   15    2    1    0    4    2    3    1    0    3
     0   11    0   18  447    0  329    2    0    2    0    1    0    2]
 [   2    1    2    9    8    2    0    1    0    3    5    3    1    0
     3    1    0    0    0    0  100    1    0    0    0    1    3    1]
 [ 344  181  176  256  388   95  102  132   37  104  265   56   18   52
    36   93    4   99  121    2 8063  112    5   99    8   16   91   90]
 [  46    7    5    4   29   16    7    3    9    1    6    1    1    3
     2   15    0    8    8    0  464  223    1    7    2    1    5    3]
 [  31    0    1    2    6    1    0    1    0    1    1    1    0    1
     0    4    0    5    2    0   80    2    1    2    0    0    1    0]
 [  28   14   10   35   40    8    7    7    2    5   28    2    1    3
     2    4    0    8    8    0  656   12    0   62    0    0    2   16]
 [  11    1    0    2    7    2    1    1    0    1    0    0    0    1
     0   15    0    9    0    0   88    1    0    1    1    0    2    0]
 [   2    1    1    6    4    7    3    1    1    7    6    2    2    0
     0    9    0    2    2    0  166    0    0    4    0   45   32    0]
 [   6    9    8   16   12   11    2    4    4   27   14    5    1    2
     1    5    1    4    6    0  486    8    0    5    0   29  132    7]
 [  51   12   16   14   21    4   10   11    0    5   11    3    2   15
     1    5    0    5    6    0  386    0    0    8    0    0    2  133]]

Classification Report

                precision    recall  f1-score   support

    admiration       0.46      0.51      0.48      2089
     amusement       0.50      0.46      0.48      1198
         anger       0.28      0.19      0.22       999
     annoyance       0.20      0.11      0.14      1689
      approval       0.25      0.13      0.17      2231
        caring       0.25      0.11      0.15       716
     confusion       0.29      0.11      0.16       934
     curiosity       0.36      0.14      0.21      1181
        desire       0.29      0.08      0.13       450
disappointment       0.20      0.07      0.11       950
   disapproval       0.23      0.12      0.15      1585
       disgust       0.39      0.17      0.24       622
 embarrassment       0.34      0.10      0.15       283
    excitement       0.27      0.11      0.15       600
          fear       0.39      0.14      0.21       364
     gratitude       0.73      0.74      0.73      1409
         grief       0.00      0.00      0.00        75
           joy       0.35      0.21      0.26       892
          love       0.55      0.47      0.51       952
   nervousness       0.00      0.00      0.00       147
       neutral       0.40      0.73      0.51     11045
      optimism       0.38      0.25      0.31       877
         pride       0.08      0.01      0.01       143
   realization       0.19      0.06      0.10       960
        relief       0.07      0.01      0.01       144
       remorse       0.35      0.15      0.21       303
       sadness       0.34      0.16      0.22       805
      surprise       0.34      0.18      0.24       721

      accuracy                           0.39     34364
     macro avg       0.30      0.20      0.22     34364
  weighted avg       0.36      0.39      0.35     34364

============================Top MNB - Sentiments ===========================

Confusion Matrix

[[   0    0    0    0    0    0    0    0    0    0    0    0    0    0
     0    0    0    0    0    0    0    0    0    0    0    0    0    0
     0    0    0]
 [ 119    0   63   45   74  102   19  155  231    6   20   70    8    8
    28    6   35    0   19   25    0    2 2469   18    0    0   93    0
     2    8  171]
 [   0    0    0    0    0    0    0    0    0    0    0    0    0    0
     0    0    0    0    0    0    0    0    0    0    0    0    0    0
     0    0    0]
 [   0    0    0    0    0    0    0    0    0    0    0    0    0    0
     0    0    0    0    0    0    0    0    0    0    0    0    0    0
     0    0    0]
 [   0    0    0    0    0    0    0    0    0    0    0    0    0    0
     0    0    0    0    0    0    0    0    0    0    0    0    0    0
     0    0    0]
 [   0    0    0    0    0    0    0    0    0    0    0    0    0    0
     0    0    0    0    0    0    0    0    0    0    0    0    0    0
     0    0    0]
 [   0    0    0    0    0    0    0    0    0    0    0    0    0    0
     0    0    0    0    0    0    0    0    0    0    0    0    0    0
     0    0    0]
 [   0    0    0    0    0    0    0    0    0    0    0    0    0    0
     0    0    0    0    0    0    0    0    0    0    0    0    0    0
     0    0    0]
 [   0    0    0    0    0    0    0    0    0    0    0    0    0    0
     0    0    0    0    0    0    0    0    0    0    0    0    0    0
     0    0    0]
 [   0    0    0    0    0    0    0    0    0    0    0    0    0    0
     0    0    0    0    0    0    0    0    0    0    0    0    0    0
     0    0    0]
 [   0    0    0    0    0    0    0    0    0    0    0    0    0    0
     0    0    0    0    0    0    0    0    0    0    0    0    0    0
     0    0    0]
 [   0    0    0    0    0    0    0    0    0    0    0    0    0    0
     0    0    0    0    0    0    0    0    0    0    0    0    0    0
     0    0    0]
 [   0    0    0    0    0    0    0    0    0    0    0    0    0    0
     0    0    0    0    0    0    0    0    0    0    0    0    0    0
     0    0    0]
 [   0    0    0    0    0    0    0    0    0    0    0    0    0    0
     0    0    0    0    0    0    0    0    0    0    0    0    0    0
     0    0    0]
 [   0    0    0    0    0    0    0    0    0    0    0    0    0    0
     0    0    0    0    0    0    0    0    0    0    0    0    0    0
     0    0    0]
 [   0    0    0    0    0    0    0    0    0    0    0    0    0    0
     0    0    0    0    0    0    0    0    0    0    0    0    0    0
     0    0    0]
 [   0    0    0    0    0    0    0    0    0    0    0    0    0    0
     0    0    0    0    0    0    0    0    0    0    0    0    0    0
     0    0    0]
 [   0    0    0    0    0    0    0    0    0    0    0    0    0    0
     0    0    0    0    0    0    0    0    0    0    0    0    0    0
     0    0    0]
 [   0    0    0    0    0    0    0    0    0    0    0    0    0    0
     0    0    0    0    0    0    0    0    0    0    0    0    0    0
     0    0    0]
 [   0    0    0    0    0    0    0    0    0    0    0    0    0    0
     0    0    0    0    0    0    0    0    0    0    0    0    0    0
     0    0    0]
 [ 139    0  126  408  481  193   53   48   51   17  192  362  184   47
    21   74   59    2   21   39    0    2 4791   59    0    2   67    0
    90  248   46]
 [   0    0    0    0    0    0    0    0    0    0    0    0    0    0
     0    0    0    0    0    0    0    0    0    0    0    0    0    0
     0    0    0]
 [ 344    0  181  176  256  388   95  102  132   37  104  265   56   18
    52   36   93    4   99  121    0    2 8063  112    0    5   99    8
    16   91   90]
 [   0    0    0    0    0    0    0    0    0    0    0    0    0    0
     0    0    0    0    0    0    0    0    0    0    0    0    0    0
     0    0    0]
 [1696    0  742   56  130  500  144   39   53   70   44  103   23    7
   133   16 1231    0  389  633    0    2 5072  396    0    5   65    6
    20   47   79]
 [   0    0    0    0    0    0    0    0    0    0    0    0    0    0
     0    0    0    0    0    0    0    0    0    0    0    0    0    0
     0    0    0]
 [   0    0    0    0    0    0    0    0    0    0    0    0    0    0
     0    0    0    0    0    0    0    0    0    0    0    0    0    0
     0    0    0]
 [   0    0    0    0    0    0    0    0    0    0    0    0    0    0
     0    0    0    0    0    0    0    0    0    0    0    0    0    0
     0    0    0]
 [   0    0    0    0    0    0    0    0    0    0    0    0    0    0
     0    0    0    0    0    0    0    0    0    0    0    0    0    0
     0    0    0]
 [   0    0    0    0    0    0    0    0    0    0    0    0    0    0
     0    0    0    0    0    0    0    0    0    0    0    0    0    0
     0    0    0]
 [   0    0    0    0    0    0    0    0    0    0    0    0    0    0
     0    0    0    0    0    0    0    0    0    0    0    0    0    0
     0    0    0]]

Classification Report

                precision    recall  f1-score   support

    admiration       0.00      0.00      0.00         0
     ambiguous       0.00      0.00      0.00      3796
     amusement       0.00      0.00      0.00         0
         anger       0.00      0.00      0.00         0
     annoyance       0.00      0.00      0.00         0
      approval       0.00      0.00      0.00         0
        caring       0.00      0.00      0.00         0
     confusion       0.00      0.00      0.00         0
     curiosity       0.00      0.00      0.00         0
        desire       0.00      0.00      0.00         0
disappointment       0.00      0.00      0.00         0
   disapproval       0.00      0.00      0.00         0
       disgust       0.00      0.00      0.00         0
 embarrassment       0.00      0.00      0.00         0
    excitement       0.00      0.00      0.00         0
          fear       0.00      0.00      0.00         0
     gratitude       0.00      0.00      0.00         0
         grief       0.00      0.00      0.00         0
           joy       0.00      0.00      0.00         0
          love       0.00      0.00      0.00         0
      negative       0.00      0.00      0.00      7822
   nervousness       0.00      0.00      0.00         0
       neutral       0.40      0.73      0.51     11045
      optimism       0.00      0.00      0.00         0
      positive       0.00      0.00      0.00     11701
         pride       0.00      0.00      0.00         0
   realization       0.00      0.00      0.00         0
        relief       0.00      0.00      0.00         0
       remorse       0.00      0.00      0.00         0
       sadness       0.00      0.00      0.00         0
      surprise       0.00      0.00      0.00         0

      accuracy                           0.23     34364
     macro avg       0.01      0.02      0.02     34364
  weighted avg       0.13      0.23      0.16     34364


============================Top DT - Emotions ==============================

Confusion Matrix

[[  713    13     0     0     0     0     0     0     0     0     0     0
      0     2     0    11     0     0    57     0  1269    21     0     0
      0     3     0     0]
 [   33   384     0     1     0     0     0     0     0     0     0     0
      0     0     0     5     0     1     9     0   751     5     0     0
      0     9     0     0]
 [   22     2     2     0     0     0     0     0     0     0     0     0
      0     0     0     3     0     0     8     0   951     4     0     0
      0     7     0     0]
 [   34    26     0     2     0     0     0     0     0     0     0     0
      0     0     0    15     0     0     9     0  1588     6     0     0
      0     9     0     0]
 [  130    15     0     0     0     0     0     0     1     0     0     0
      0     1     0     9     0     0    32     0  2010    25     0     0
      0     8     0     0]
 [   36     7     0     0     0     2     0     0     0     0     0     0
      0     0     0     3     0     1    20     0   600    36     0     0
      0    11     0     0]
 [    8    17     0     0     0     0     0     0     0     0     0     0
      0     1     0     4     0     0     5     0   895     2     0     0
      0     2     0     0]
 [   24    14     0     0     0     0     0     0     0     0     0     0
      0     0     0     7     0     0    11     0  1117     3     0     0
      0     5     0     0]
 [   16     5     0     0     0     0     0     0     0     0     0     0
      0     0     0     0     0     0    18     0   386    25     0     0
      0     0     0     0]
 [   36     9     0     0     0     0     0     0     0     0     0     0
      0     0     0     1     0     0     8     0   876     6     0     0
      0    14     0     0]
 [   41    21     0     0     0     0     0     0     0     0     0     0
      0     0     0     6     0     0    18     0  1481     6     0     0
      0    12     0     0]
 [   10     5     0     0     0     0     0     0     0     0     0     0
      0     0     0     1     0     0     3     0   597     4     0     0
      0     2     0     0]
 [    3     5     0     0     0     0     0     0     0     0     0     0
      0     0     0     2     0     0     4     0   261     3     0     0
      0     5     0     0]
 [   40     5     0     0     0     0     0     0     0     0     0     0
      0     0     0     2     0     0    10     0   537     5     0     0
      0     1     0     0]
 [    6     6     0     0     0     0     0     0     0     0     0     0
      0     0     0     0     0     0     2     0   346     3     0     0
      0     1     0     0]
 [   74     6     1     0     0     0     0     0     0     1     1     0
      0     0     0  1027     0     0     8     0   234    27     0     0
      1    29     0     0]
 [    2     1     0     0     0     0     0     0     0     0     0     0
      0     0     0     0     0     0     1     0    65     2     0     0
      0     4     0     0]
 [   80    27     0     1     0     0     0     0     0     0     0     0
      0     0     0     5     0     1    45     0   726     5     0     0
      0     2     0     0]
 [   12    11     0     0     0     0     1     0     0     1     0     0
      0     0     0     6     0     0   555     0   362     3     0     0
      0     1     0     0]
 [    1     1     0     0     0     0     0     0     0     0     0     0
      0     0     0     0     0     0     1     0   141     1     0     0
      0     2     0     0]
 [  263   113     0     0     0     0     0     0     0     0     0     0
      0     0     0    51     0     0   126     0 10376    71     0     0
      0    45     0     0]
 [   51     3     0     0     0     1     0     0     0     0     0     0
      0     0     0     4     0     1    10     0   586   218     0     0
      0     3     0     0]
 [    6     1     0     0     0     0     0     0     0     0     0     0
      0     0     0     0     0     0     1     0   132     3     0     0
      0     0     0     0]
 [   22    12     0     0     0     0     0     0     0     0     0     0
      0     0     0     2     0     0     6     0   909     4     0     0
      0     5     0     0]
 [    9     1     0     0     0     0     0     0     0     0     0     0
      0     0     0    10     0     0     1     0   119     2     0     0
      2     0     0     0]
 [    1     1     0     0     0     0     0     0     0     0     0     0
      0     0     0     0     0     0     1     0   123     0     0     0
      0   176     1     0]
 [   16     9     0     0     0     0     0     0     0     0     0     0
      0     0     0     2     0     0     7     0   686     7     0     0
      0    78     0     0]
 [   28     6     0     0     0     0     0     0     0     0     0     0
      0     0     0     3     0     0     4     0   678     1     0     0
      0     1     0     0]]

Classification Report

                precision    recall  f1-score   support

    admiration       0.42      0.34      0.37      2089
     amusement       0.53      0.32      0.40      1198
         anger       0.67      0.00      0.00       999
     annoyance       0.50      0.00      0.00      1689
      approval       0.00      0.00      0.00      2231
        caring       0.67      0.00      0.01       716
     confusion       0.00      0.00      0.00       934
     curiosity       0.00      0.00      0.00      1181
        desire       0.00      0.00      0.00       450
disappointment       0.00      0.00      0.00       950
   disapproval       0.00      0.00      0.00      1585
       disgust       0.00      0.00      0.00       622
 embarrassment       0.00      0.00      0.00       283
    excitement       0.00      0.00      0.00       600
          fear       0.00      0.00      0.00       364
     gratitude       0.87      0.73      0.79      1409
         grief       0.00      0.00      0.00        75
           joy       0.25      0.00      0.00       892
          love       0.57      0.58      0.57       952
   nervousness       0.00      0.00      0.00       147
       neutral       0.36      0.94      0.52     11045
      optimism       0.44      0.25      0.32       877
         pride       0.00      0.00      0.00       143
   realization       0.00      0.00      0.00       960
        relief       0.67      0.01      0.03       144
       remorse       0.40      0.58      0.48       303
       sadness       0.00      0.00      0.00       805
      surprise       0.00      0.00      0.00       721

      accuracy                           0.39     34364
     macro avg       0.23      0.13      0.12     34364
  weighted avg       0.29      0.39      0.27     34364

============================Top DT - Sentiments ============================

Confusion Matrix

[[    0     0     0     0     0     0     0     0     0     0     0     0
      0     0     0     0     0     0     0     0     0]
 [   82     0    49     0     0     0     0     0     0     0     1    16
      0    26     0  3599    10     0     0    13     0]
 [    0     0     0     0     0     0     0     0     0     0     0     0
      0     0     0     0     0     0     0     0     0]
 [    0     0     0     0     0     0     0     0     0     0     0     0
      0     0     0     0     0     0     0     0     0]
 [    0     0     0     0     0     0     0     0     0     0     0     0
      0     0     0     0     0     0     0     0     0]
 [    0     0     0     0     0     0     0     0     0     0     0     0
      0     0     0     0     0     0     0     0     0]
 [    0     0     0     0     0     0     0     0     0     0     0     0
      0     0     0     0     0     0     0     0     0]
 [    0     0     0     0     0     0     0     0     0     0     0     0
      0     0     0     0     0     0     0     0     0]
 [    0     0     0     0     0     0     0     0     0     0     0     0
      0     0     0     0     0     0     0     0     0]
 [    0     0     0     0     0     0     0     0     0     0     0     0
      0     0     0     0     0     0     0     0     0]
 [    0     0     0     0     0     0     0     0     0     0     0     0
      0     0     0     0     0     0     0     0     0]
 [    0     0     0     0     0     0     0     0     0     0     0     0
      0     0     0     0     0     0     0     0     0]
 [    0     0     0     0     0     0     0     0     0     0     0     0
      0     0     0     0     0     0     0     0     0]
 [    0     0     0     0     0     0     0     0     0     0     0     0
      0     0     0     0     0     0     0     0     0]
 [  172     0    86     2     2     0     0     0     0     0     0    30
      0    62     0  7115    42     0     0   310     1]
 [  263     0   113     0     0     0     0     0     0     0     0    51
      0   126     0 10376    71     0     0    45     0]
 [    0     0     0     0     0     0     0     0     0     0     0     0
      0     0     0     0     0     0     0     0     0]
 [ 1200     0   478     1     2     3     1     1     2     1     3  1082
      4   766     0  7712   375     0     3    67     0]
 [    0     0     0     0     0     0     0     0     0     0     0     0
      0     0     0     0     0     0     0     0     0]
 [    0     0     0     0     0     0     0     0     0     0     0     0
      0     0     0     0     0     0     0     0     0]
 [    0     0     0     0     0     0     0     0     0     0     0     0
      0     0     0     0     0     0     0     0     0]]

Classification Report

              precision    recall  f1-score   support

   ambiguous       0.17      0.00      0.00      3796
    negative       0.70      0.04      0.08      7822
     neutral       0.36      0.94      0.52     11045
    positive       0.77      0.35      0.48     11701

    accuracy                           0.43     34364
   macro avg       0.50      0.33      0.27     34364
weighted avg       0.56      0.43      0.35     34364

============================Top MLP - Emotions ===========================

Confusion Matrix

[[1101   26    2   11    5    0    0    1    3    1    3    0    0    3
     2   39    0   38   71    0  741   18    0    0    0    0    3   21]
 [  47  665    7    8    2    0    0    0    2    0    1    2    0    1
     0    8    0   11   24    0  400    4    0    0    0    2    1   13]
 [  13   11  189   53    2    1    1    1    1    8   17    5    0    1
     2    4    0    2    2    0  669    7    0    0    0    1    6    3]
 [  32   49   85   64   10    0    2    0    4   10   26   16    0    0
     6   15    0    9    7    0 1306    8    0    0    0    2   21   17]
 [ 155   27   13    8  112    0    4    2    2    2   23    4    0    1
     7   17    0   18   40    0 1715   35    0    1    0    4   31   10]
 [  29   11    4    4    5    2    2    0    3    5    7    3    0    0
     5   18    0    8   18    0  530   41    0    0    0    5   14    2]
 [  10   23    4    4   15    0   41    3    0    2   27    3    0    0
     3    6    0    2    3    0  774    2    0    0    0    0    5    7]
 [  23   21    7    4    6    0    2   66    5    1    5    1    0    3
     2    8    0    6   11    0  976    4    0    0    0    0    5   25]
 [  13    5    4    1    2    0    0    1   93    0    3    0    0    1
     2    6    0    1   15    0  267   32    0    0    0    0    2    2]
 [  28   14   12   13    4    0    1    1    8   24   10    8    0    1
     3    1    0    3    7    0  740    4    0    0    0    3   54   11]
 [  38   33   28   16   20    0    3    0    4    8   60   12    0    1
     5    6    0    3   10    0 1293    9    0    0    0    4   20   12]
 [  12   11   49   22    3    0    0    0    1    5   13   82    0    0
     3    2    0    0    2    0  401    4    0    0    0    0    8    4]
 [   2    8    6    5    2    0    1    1    0    3   15   18    0    1
     4    2    0    0    5    0  192    2    0    0    0    2   11    3]
 [  73   13    0    1    2    0    0    7    1    1    0    0    0   32
     2   13    0   51   21    0  348    5    0    0    0    0    3   27]
 [   1    6    6    1    1    0    0    0    0    1    5    6    0    0
    68    0    0    2    2    0  251    5    0    0    0    2    6    1]
 [ 100   10    2    4    5    0    0    0    2    0    1    0    0    0
     1 1086    0   40    6    0  105   17    0    0    0   13   15    2]
 [   1    3    2    0    0    0    0    0    0    2    1    0    0    0
     1    0    0    2    1    0   49    1    0    0    0    1   11    0]
 [  86   84    4    0    4    0    0    0    1    0    1    0    0    2
     2   27    0  226   57    0  385    7    0    0    0    1    1    4]
 [  60   17    0    0    7    0    0    0    1    0    0    0    0    0
     0   13    0   20  553    0  275    2    0    0    0    0    3    1]
 [   2    1    3    1    0    0    0    0    0    1    6    1    0    0
     5    0    0    1    1    0  114    0    0    0    0    1    7    3]
 [ 272  205  119   60   66    0   17   13   28   26  100   30    0    6
    13   71    0   69  130    0 9554   72    0    0    0   10  116   68]
 [  57    7    2    5    5    1    0    0   22    2    6    1    0    1
     0   12    0   11    8    0  477  249    0    0    0    0    7    4]
 [  33    0    2    0    0    0    0    0    0    1    0    0    0    0
     0    2    0    9    1    0   89    3    0    0    0    0    1    2]
 [  33   18   12    9    4    0    5    0    3    1   20    7    0    0
     4    3    0   11    6    0  776   10    0    0    0    1   16   21]
 [  10    1    2    2    2    0    0    0    0    1    0    1    0    0
     0   14    0    7    1    0   92    4    0    0    0    2    4    1]
 [   1    3    3    1    1    0    1    0    1    1    1    1    0    0
     3    0    0    7    2    0   99    5    0    0    0   59  112    2]
 [   9    9    5    4    6    0    0    1    2   11    4    4    0    0
     3    1    0    4    6    0  469    7    0    0    0   39  215    6]
 [  56   13   14    4    1    1    0    3    1    0    2    3    0    3
     2    2    0    7    3    0  437    4    0    0    0    0    6  159]]

Classification Report

                precision    recall  f1-score   support

    admiration       0.48      0.53      0.50      2089
     amusement       0.51      0.56      0.53      1198
         anger       0.32      0.19      0.24       999
     annoyance       0.21      0.04      0.06      1689
      approval       0.38      0.05      0.09      2231
        caring       0.40      0.00      0.01       716
     confusion       0.51      0.04      0.08       934
     curiosity       0.66      0.06      0.10      1181
        desire       0.49      0.21      0.29       450
disappointment       0.21      0.03      0.04       950
   disapproval       0.17      0.04      0.06      1585
       disgust       0.39      0.13      0.20       622
 embarrassment       0.00      0.00      0.00       283
    excitement       0.56      0.05      0.10       600
          fear       0.46      0.19      0.27       364
     gratitude       0.79      0.77      0.78      1409
         grief       0.00      0.00      0.00        75
           joy       0.40      0.25      0.31       892
          love       0.55      0.58      0.56       952
   nervousness       0.00      0.00      0.00       147
       neutral       0.41      0.87      0.55     11045
      optimism       0.44      0.28      0.35       877
         pride       0.00      0.00      0.00       143
   realization       0.00      0.00      0.00       960
        relief       0.00      0.00      0.00       144
       remorse       0.39      0.19      0.26       303
       sadness       0.31      0.27      0.28       805
      surprise       0.37      0.22      0.28       721

      accuracy                           0.43     34364
     macro avg       0.34      0.20      0.21     34364
  weighted avg       0.40      0.43      0.34     34364

============================Top MLP - Sentiments ===========================
Confusion Matrix

[[   0    0    0    0    0    0    0    0    0    0    0    0    0    0
     0    0    0    0    0    0    0    0    0    0    0    0]
 [ 122    0   75   37   21   26    1   48   72    9    4   54   14    6
    11   19   26   23    0 2963   20    0    0    1   32  212]
 [   0    0    0    0    0    0    0    0    0    0    0    0    0    0
     0    0    0    0    0    0    0    0    0    0    0    0]
 [   0    0    0    0    0    0    0    0    0    0    0    0    0    0
     0    0    0    0    0    0    0    0    0    0    0    0]
 [   0    0    0    0    0    0    0    0    0    0    0    0    0    0
     0    0    0    0    0    0    0    0    0    0    0    0]
 [   0    0    0    0    0    0    0    0    0    0    0    0    0    0
     0    0    0    0    0    0    0    0    0    0    0    0]
 [   0    0    0    0    0    0    0    0    0    0    0    0    0    0
     0    0    0    0    0    0    0    0    0    0    0    0]
 [   0    0    0    0    0    0    0    0    0    0    0    0    0    0
     0    0    0    0    0    0    0    0    0    0    0    0]
 [   0    0    0    0    0    0    0    0    0    0    0    0    0    0
     0    0    0    0    0    0    0    0    0    0    0    0]
 [   0    0    0    0    0    0    0    0    0    0    0    0    0    0
     0    0    0    0    0    0    0    0    0    0    0    0]
 [   0    0    0    0    0    0    0    0    0    0    0    0    0    0
     0    0    0    0    0    0    0    0    0    0    0    0]
 [   0    0    0    0    0    0    0    0    0    0    0    0    0    0
     0    0    0    0    0    0    0    0    0    0    0    0]
 [   0    0    0    0    0    0    0    0    0    0    0    0    0    0
     0    0    0    0    0    0    0    0    0    0    0    0]
 [   0    0    0    0    0    0    0    0    0    0    0    0    0    0
     0    0    0    0    0    0    0    0    0    0    0    0]
 [   0    0    0    0    0    0    0    0    0    0    0    0    0    0
     0    0    0    0    0    0    0    0    0    0    0    0]
 [   0    0    0    0    0    0    0    0    0    0    0    0    0    0
     0    0    0    0    0    0    0    0    0    0    0    0]
 [   0    0    0    0    0    0    0    0    0    0    0    0    0    0
     0    0    0    0    0    0    0    0    0    0    0    0]
 [   0    0    0    0    0    0    0    0    0    0    0    0    0    0
     0    0    0    0    0    0    0    0    0    0    0    0]
 [ 139    0  148  388  180   49    1    9    4   21   74  158  153    4
   103   31   33   45    0 5583   52    0    0  114  471   62]
 [ 272    0  205  119   60   66    0   17   13   28   26  100   30    6
    13   71   69  130    0 9554   72    0    0   10  116   68]
 [   0    0    0    0    0    0    0    0    0    0    0    0    0    0
     0    0    0    0    0    0    0    0    0    0    0    0]
 [1764    0  866   42   44  151    3    6   11  130   13   45   11   41
    21 1255  440  815    0 5424  417    0    1   27   85   89]
 [   0    0    0    0    0    0    0    0    0    0    0    0    0    0
     0    0    0    0    0    0    0    0    0    0    0    0]
 [   0    0    0    0    0    0    0    0    0    0    0    0    0    0
     0    0    0    0    0    0    0    0    0    0    0    0]
 [   0    0    0    0    0    0    0    0    0    0    0    0    0    0
     0    0    0    0    0    0    0    0    0    0    0    0]
 [   0    0    0    0    0    0    0    0    0    0    0    0    0    0
     0    0    0    0    0    0    0    0    0    0    0    0]]

Classification Report

              precision    recall  f1-score   support

   ambiguous       0.47      0.22      0.30      3796
    negative       0.55      0.54      0.54      7822
     neutral       0.49      0.57      0.53     11045
    positive       0.67      0.69      0.68     11701

    accuracy                           0.57     34364
   macro avg       0.55      0.50      0.51     34364
weighted avg       0.56      0.57      0.56     34364
